gene	Sample_T0_1_FP	Sample_T0_2_FP	Sample_T0_3_FP	Sample_2hr_2_FP	Sample_2hr_3_FP	Sample_T0_1_RNA	Sample_T0_2_RNA	Sample_T0_3_RNA	Sample_2hr_1_RNA	Sample_2hr_2_RNA	Sample_2hr_3_RNA
ENSMUSG00000000028	2	3	2	5	8	6780	4429	6679	2128	2841	3226
ENSMUSG00000000078	0	5	10	4	12	19197	12977	19158	11375	13562	17042
ENSMUSG00000000171	2	2	5	7	1	4806	2962	4609	1600	2284	2918
ENSMUSG00000000184	1	0	2	4	11	4786	3369	4677	4775	6874	7925
ENSMUSG00000000282	4	5	2	2	2	1008	682	1044	403	577	619
ENSMUSG00000000290	9	23	6	11	7	14891	9510	14570	4607	6093	7465
ENSMUSG00000000346	4	1	2	1	12	8768	5780	8331	3633	4692	5706
ENSMUSG00000000399	3	5	3	6	9	3925	2479	3791	1353	1878	2348
ENSMUSG00000000409	7	11	17	20	13	21045	14024	21003	7464	11051	13062
ENSMUSG00000000486	9	13	12	10	14	9015	5885	9157	2547	3518	4132
ENSMUSG00000000563	4	8	2	4	3	9220	5834	8929	3824	4635	5634
ENSMUSG00000000568	2	7	9	7	12	3948	2792	3783	1605	2020	2054
ENSMUSG00000000682	8	16	22	23	16	13755	8979	13546	4120	5537	6522
ENSMUSG00000000751	7	15	4	8	10	13957	8783	13822	3701	4892	5853
ENSMUSG00000000782	1	4	14	7	8	11223	7674	10706	2298	3198	3564
ENSMUSG00000000787	8	7	16	25	29	23218	15491	22885	14246	19695	22421
ENSMUSG00000000791	3	3	5	0	6	3488	2117	3226	1101	1486	1958
ENSMUSG00000000982	3	3	6	25	36	5154	3460	4880	16814	21396	23089
ENSMUSG00000001016	6	6	0	7	4	4646	2979	4365	1924	2571	3069
ENSMUSG00000001025	10	5	8	10	9	8548	5490	8363	2117	2985	4082
ENSMUSG00000001151	2	8	5	2	6	10869	7158	10650	2793	3557	4187
ENSMUSG00000001175	2	9	18	20	13	24443	15215	23700	9365	11595	13722
ENSMUSG00000001228	7	4	12	4	13	17993	12404	18360	4495	6366	7920
ENSMUSG00000001248	0	3	10	0	2	17359	10679	16959	4773	6577	7802
ENSMUSG00000001280	0	0	5	8	9	10433	7040	10215	5480	7243	8131
ENSMUSG00000001281	6	19	30	14	25	26000	15675	25561	4018	5444	6935
ENSMUSG00000001348	1	5	3	2	4	2010	1353	1951	300	446	552
ENSMUSG00000001380	2	6	6	6	5	4414	2777	4417	2118	2845	3433
ENSMUSG00000001403	2	3	4	2	4	2914	2122	3000	871	1013	1096
ENSMUSG00000001416	3	3	6	3	6	10295	6249	9893	5906	8247	10156
ENSMUSG00000001418	4	2	5	9	3	1924	1309	1909	500	720	822
ENSMUSG00000001419	0	0	3	7	5	5097	3535	5240	1519	2026	2345
ENSMUSG00000001424	1	2	7	5	2	9802	5964	9352	3251	4440	5361
ENSMUSG00000001440	11	19	12	25	22	24828	15461	23605	10983	14705	17225
ENSMUSG00000001444	8	6	1	11	15	4537	2764	4629	3166	4946	6107
ENSMUSG00000001472	1	2	1	9	4	11803	7415	11552	4217	5767	7121
ENSMUSG00000001525	16	27	47	73	64	77363	52991	77841	22728	29660	35642
ENSMUSG00000001588	3	3	3	13	3	9815	6118	9930	2829	3819	4892
ENSMUSG00000001700	2	6	0	6	2	19992	13815	20126	2783	3459	4465
ENSMUSG00000001741	4	8	9	5	6	7529	5043	7618	1317	1522	2035
ENSMUSG00000001783	4	1	5	7	7	6413	4096	6381	3304	4544	5494
ENSMUSG00000001794	3	4	10	13	5	4969	3324	4673	1893	2380	2908
ENSMUSG00000001833	6	11	11	21	16	23251	14717	22231	10453	12636	14547
ENSMUSG00000001847	1	1	6	3	5	7201	4762	7298	2611	3532	4272
ENSMUSG00000001918	4	11	0	4	19	15561	9076	15036	7013	10028	12806
ENSMUSG00000001924	8	6	12	8	13	15398	9866	15160	5483	7328	9113
ENSMUSG00000001964	2	1	6	6	7	2529	1597	2447	948	1276	1474
ENSMUSG00000002010	5	3	1	9	7	4279	2825	4199	1656	2192	2483
ENSMUSG00000002033	7	9	13	11	13	15569	9944	15079	4687	6267	7540
ENSMUSG00000002052	3	4	4	7	6	7729	5316	7798	4452	6124	6886
ENSMUSG00000002055	2	4	4	2	3	7591	5118	7595	1918	2783	3176
ENSMUSG00000002102	4	12	4	12	10	6023	3957	6033	2360	3138	3902
ENSMUSG00000002107	2	6	8	9	9	15668	9902	14824	4618	5696	6512
ENSMUSG00000002147	0	4	2	8	14	11554	7298	11285	5086	7344	8668
ENSMUSG00000002221	6	2	1	1	8	4596	3020	4333	1406	1934	2254
ENSMUSG00000002524	4	3	3	8	16	6685	4138	6698	2957	4117	5142
ENSMUSG00000002603	5	9	0	8	13	2116	1519	2276	1361	1697	1924
ENSMUSG00000002658	0	3	3	12	10	4169	2830	4021	2048	2550	3047
ENSMUSG00000002699	4	17	9	12	33	28324	19441	28208	16276	22934	25664
ENSMUSG00000002718	1	3	1	4	8	6821	4384	6598	3065	4070	4756
ENSMUSG00000002748	6	0	2	7	1	22385	14742	21290	6590	8387	9870
ENSMUSG00000002812	5	1	8	1	5	8736	5581	8519	3076	4124	5066
ENSMUSG00000002870	5	6	12	8	10	10087	6503	10058	2850	3968	4697
ENSMUSG00000002885	1	7	12	17	22	11537	7454	10871	3708	4739	5547
ENSMUSG00000002897	1	5	3	2	4	10124	6485	9938	2508	3386	3986
ENSMUSG00000002983	4	2	4	13	7	6284	4067	6787	3534	5195	6188
ENSMUSG00000002984	0	3	2	4	7	2365	1544	2542	1525	2064	2575
ENSMUSG00000003037	0	5	5	10	2	7940	5292	7891	2362	3004	3732
ENSMUSG00000003072	8	5	6	17	11	3915	2744	4318	1663	2237	2732
ENSMUSG00000003099	3	6	2	2	2	2493	1623	2401	1230	1724	2144
ENSMUSG00000003135	4	4	8	10	5	2206	1463	2247	1194	1607	1841
ENSMUSG00000003153	3	7	3	2	0	5323	3417	5237	1768	2421	2799
ENSMUSG00000003161	1	4	8	8	10	6632	4162	6392	2430	3134	3763
ENSMUSG00000003226	2	5	12	9	8	32805	20701	31372	15687	20068	23531
ENSMUSG00000003316	1	9	8	10	5	5673	3708	5299	1532	2027	2269
ENSMUSG00000003363	5	3	7	11	8	5281	3406	5187	1744	2438	2852
ENSMUSG00000003402	0	4	9	4	15	5535	3547	5487	2123	2918	3599
ENSMUSG00000003429	3	7	3	3	6	24097	14955	23162	9036	13098	15636
ENSMUSG00000003435	3	2	13	6	11	9270	5949	9002	3661	5199	6457
ENSMUSG00000003438	4	5	4	8	2	2116	1349	2120	939	1387	1766
ENSMUSG00000003660	8	8	17	8	13	15122	9943	14784	5482	7604	8851
ENSMUSG00000003746	1	2	5	9	10	8322	5187	8380	4285	5667	6734
ENSMUSG00000003779	1	3	6	2	6	5100	3465	5077	1345	1665	1971
ENSMUSG00000003808	0	2	2	9	7	3691	2317	3581	2002	2796	3461
ENSMUSG00000003814	19	20	16	25	22	24831	16202	23808	7888	10180	12078
ENSMUSG00000003848	1	5	0	8	5	1752	1183	1779	1219	1781	2293
ENSMUSG00000003868	0	8	0	1	8	3139	2145	3211	1876	2562	3213
ENSMUSG00000003873	3	4	3	2	3	3066	2008	3153	1299	1832	2245
ENSMUSG00000003970	11	24	14	40	39	37195	22883	37048	16010	22309	27750
ENSMUSG00000004018	7	3	4	4	2	1269	799	1240	495	596	683
ENSMUSG00000004040	1	5	7	12	13	10001	6310	9896	6393	8323	9953
ENSMUSG00000004099	4	15	9	17	8	29598	19743	28857	7747	10230	12223
ENSMUSG00000004100	1	0	0	6	9	3455	1967	3466	3454	5114	5937
ENSMUSG00000004207	4	16	20	13	19	16398	10396	15607	3233	4582	5454
ENSMUSG00000004264	4	5	6	2	10	7742	4899	7888	4205	5618	6830
ENSMUSG00000004266	7	8	15	11	23	15624	10283	15977	5266	6937	8551
ENSMUSG00000004270	1	6	3	3	5	1272	857	1159	561	775	858
ENSMUSG00000004530	0	5	3	2	5	4457	3071	4393	1904	2580	3000
ENSMUSG00000004535	1	8	6	3	8	14201	9309	13771	6461	7939	9023
ENSMUSG00000004612	4	21	16	9	26	11935	7202	11344	3650	5402	6972
ENSMUSG00000004626	0	5	0	4	10	3007	2115	3059	1162	1549	1764
ENSMUSG00000004665	6	9	8	8	7	15093	9593	14993	4183	5662	6912
ENSMUSG00000004677	6	2	2	1	4	11350	7348	11217	4037	5541	6287
ENSMUSG00000004837	5	10	5	7	8	8842	5571	8718	4006	5632	7001
ENSMUSG00000004865	2	5	6	5	2	15173	9247	14447	5224	6911	8123
ENSMUSG00000004880	7	14	16	5	16	22487	13719	21598	5147	6701	8187
ENSMUSG00000004897	1	9	0	2	4	9765	6456	9615	4743	6136	7317
ENSMUSG00000004980	13	16	30	22	23	24349	16191	23115	10238	12880	14905
ENSMUSG00000005087	2	1	2	2	9	8644	5428	8010	5669	7392	8328
ENSMUSG00000005103	15	14	19	38	25	31503	19751	31041	12177	16640	19954
ENSMUSG00000005142	3	2	3	6	6	6562	4170	6422	1716	2261	2685
ENSMUSG00000005198	2	8	6	9	7	5701	3540	5791	1310	1939	1987
ENSMUSG00000005354	0	4	3	5	3	1878	1387	1870	960	1298	1634
ENSMUSG00000005410	6	15	12	19	32	20611	12960	20428	6032	8608	10551
ENSMUSG00000005465	0	4	4	5	6	6557	3904	6269	1691	2323	2993
ENSMUSG00000005481	1	4	7	1	14	7864	4800	7856	3017	4240	5300
ENSMUSG00000005506	1	4	4	6	4	7948	4951	7421	3189	4281	4825
ENSMUSG00000005566	8	4	12	21	13	12902	7867	12676	4413	6043	7417
ENSMUSG00000005610	14	2	8	12	10	40629	25476	38980	18668	24877	29757
ENSMUSG00000005625	2	5	5	21	12	4439	2773	4344	1910	2666	3192
ENSMUSG00000005667	6	8	5	10	7	8769	5787	8577	4138	5584	6675
ENSMUSG00000005683	4	5	11	11	8	9348	6197	9041	3548	4700	5838
ENSMUSG00000005763	3	4	2	6	7	11256	7264	10725	4385	6069	6958
ENSMUSG00000005779	10	11	9	18	19	7350	4257	7399	2542	3636	4978
ENSMUSG00000005824	1	0	1	22	9	3299	2108	3222	6781	10683	12298
ENSMUSG00000005846	4	4	1	10	4	8529	5500	8347	6234	8097	9605
ENSMUSG00000005873	8	2	9	10	8	3352	2129	3389	1076	1417	1669
ENSMUSG00000005881	4	0	2	5	9	1545	991	1551	501	669	806
ENSMUSG00000006005	1	9	9	14	8	23756	16498	23212	9727	12570	14174
ENSMUSG00000006024	0	4	7	5	1	3564	2236	3483	1626	2271	2690
ENSMUSG00000006050	2	2	3	9	2	2099	1298	2063	848	1164	1414
ENSMUSG00000006169	2	4	2	3	4	7824	5272	7710	3073	4101	4474
ENSMUSG00000006273	0	2	8	0	6	2776	1714	2583	1080	1494	1908
ENSMUSG00000006304	5	13	15	16	6	14207	9459	14202	6185	7815	9272
ENSMUSG00000006333	1	8	9	13	14	32201	20299	32448	13667	19025	24462
ENSMUSG00000006360	19	14	17	11	11	9019	5232	8639	1869	2733	3377
ENSMUSG00000006456	0	2	1	3	9	1935	1294	1842	661	876	1066
ENSMUSG00000006498	8	16	10	11	15	19549	12920	19392	9918	13359	16335
ENSMUSG00000006519	10	9	15	24	18	6413	3668	6147	1897	2620	3472
ENSMUSG00000006585	3	9	2	6	8	4200	2803	4423	1114	1539	1806
ENSMUSG00000006673	0	6	6	10	6	8553	5620	8539	4481	5920	7132
ENSMUSG00000006676	0	7	7	0	7	7039	4486	7213	2370	3365	4163
ENSMUSG00000006731	4	11	2	16	7	15822	10429	16154	4849	6737	7997
ENSMUSG00000006932	11	2	6	6	9	10796	6786	10501	4286	5754	7385
ENSMUSG00000007029	12	4	7	14	34	14997	9484	15851	4380	6452	7642
ENSMUSG00000007041	3	12	6	16	17	14678	9468	14176	4465	6044	7606
ENSMUSG00000007080	1	0	4	7	3	14936	9904	14396	4367	5922	6581
ENSMUSG00000007564	3	8	2	4	11	6396	4163	6421	2620	3513	4222
ENSMUSG00000007656	1	8	5	6	4	2709	1825	2564	1250	1620	1873
ENSMUSG00000007670	1	4	2	7	7	5217	3486	5411	1845	2514	3009
ENSMUSG00000007721	2	1	1	8	5	1080	736	1096	559	684	871
ENSMUSG00000007739	5	2	2	20	20	13250	7972	13072	6636	8680	10867
ENSMUSG00000007836	7	7	5	21	13	3299	1963	3712	1512	2016	2538
ENSMUSG00000007850	4	2	11	10	8	20794	14195	20053	8660	10840	12880
ENSMUSG00000007872	2	3	2	4	6	3477	2087	3523	783	1198	1850
ENSMUSG00000007892	3	7	4	8	4	38941	23477	38910	15060	22053	28432
ENSMUSG00000008140	6	6	6	2	0	3563	2214	3642	1133	1653	1929
ENSMUSG00000008348	0	4	0	6	5	3651	1873	3424	1105	1652	2094
ENSMUSG00000008475	6	0	6	2	4	11856	7298	11344	4838	5995	7229
ENSMUSG00000008730	0	5	0	4	7	14553	9671	14085	4386	5599	6180
ENSMUSG00000009079	5	5	8	2	11	18179	12468	17645	8254	11020	12751
ENSMUSG00000009585	6	4	6	15	8	11660	7919	11556	3870	4998	5962
ENSMUSG00000009630	5	4	1	4	9	1992	1243	2012	1028	1266	1588
ENSMUSG00000009687	10	13	19	11	8	15616	10605	15194	5630	7285	8560
ENSMUSG00000009863	5	1	7	9	10	4651	2966	4705	1745	2370	2865
ENSMUSG00000010095	9	36	23	27	33	18768	12147	18386	7925	11395	12865
ENSMUSG00000010097	2	0	4	10	4	9853	6445	9515	4206	5626	6710
ENSMUSG00000010358	2	3	1	12	6	1950	1221	2080	959	1284	1691
ENSMUSG00000010406	3	1	2	3	8	700	493	694	381	466	592
ENSMUSG00000010608	1	2	0	2	11	13267	8860	12774	6532	8378	9177
ENSMUSG00000010755	3	2	2	2	8	8252	5246	7903	2533	3325	3983
ENSMUSG00000011114	5	2	5	0	4	3540	2164	3361	1341	1765	2226
ENSMUSG00000011960	0	4	4	4	5	8002	5006	7518	3483	4556	5389
ENSMUSG00000012443	0	7	0	3	10	20204	13385	20087	6023	7327	8444
ENSMUSG00000012848	5	11	14	35	23	34103	20304	33734	13037	18748	22787
ENSMUSG00000013593	7	0	3	4	8	5415	3351	5166	1825	2412	2970
ENSMUSG00000013629	4	7	1	15	9	7723	4817	7664	2729	3900	4580
ENSMUSG00000013787	1	5	7	0	3	4453	2763	4465	1039	1448	1814
ENSMUSG00000014074	8	1	2	3	2	3856	2687	3936	1326	1589	1878
ENSMUSG00000014195	2	4	4	7	3	5178	3530	5261	2037	2733	3190
ENSMUSG00000014313	2	2	8	0	9	4623	3073	4417	1841	2514	2904
ENSMUSG00000014498	2	2	10	3	2	2758	1865	2679	1129	1476	1672
ENSMUSG00000014606	0	5	7	0	4	2341	1479	2306	707	971	1124
ENSMUSG00000014769	4	4	10	9	6	6813	4204	6666	2616	3440	4229
ENSMUSG00000014867	0	1	8	9	9	8657	5508	8461	2875	3843	4746
ENSMUSG00000014956	1	3	1	4	7	7639	5113	7203	3333	4215	4801
ENSMUSG00000015165	21	22	16	24	27	16364	10558	15730	5385	7143	8491
ENSMUSG00000015176	5	6	4	11	15	5932	4093	5697	5189	7353	8440
ENSMUSG00000015312	4	1	4	11	18	2224	1482	2373	5523	7645	9475
ENSMUSG00000015316	2	4	2	13	9	5930	3671	5756	7195	10293	12199
ENSMUSG00000015396	2	2	0	1	11	1986	1202	1958	3169	4718	5914
ENSMUSG00000015437	5	17	20	19	23	46594	30083	43620	14959	18268	21673
ENSMUSG00000015501	0	3	3	6	4	14775	9792	14658	7177	9854	11169
ENSMUSG00000015671	1	3	2	8	6	7279	4574	7293	3188	3978	4892
ENSMUSG00000015733	3	3	2	7	2	9867	6153	9640	4959	5942	7364
ENSMUSG00000015749	1	3	5	8	3	4212	3151	4223	1834	2365	2646
ENSMUSG00000015790	2	0	2	6	5	1517	899	1381	477	567	698
ENSMUSG00000015806	0	5	3	12	5	1381	852	1388	540	816	942
ENSMUSG00000015837	11	6	8	15	22	7782	4730	7672	4967	6540	8142
ENSMUSG00000015880	6	2	3	3	6	11302	7257	10716	2956	3624	4370
ENSMUSG00000015937	3	7	10	10	6	14058	8915	13892	4345	5692	7108
ENSMUSG00000015961	2	6	3	7	2	11870	7754	11667	6313	8019	9633
ENSMUSG00000016087	2	2	1	5	6	7100	4988	7061	2602	3181	3741
ENSMUSG00000016257	1	6	4	1	3	4874	3134	4766	2462	3314	3788
ENSMUSG00000016319	0	1	4	5	7	14230	8872	14076	5988	8501	10666
ENSMUSG00000016427	3	3	3	3	7	1253	781	1173	486	694	876
ENSMUSG00000016496	9	0	2	10	10	5783	3504	5505	5227	8266	8992
ENSMUSG00000016554	6	5	6	12	18	9050	6119	9150	5127	7151	8713
ENSMUSG00000016559	4	2	1	5	5	24417	15977	24818	10200	13760	17595
ENSMUSG00000016921	2	9	4	14	16	14012	8727	13709	7318	9794	11540
ENSMUSG00000016933	0	4	5	1	5	8813	5804	8853	2678	3624	4243
ENSMUSG00000017221	5	0	5	5	10	3346	2215	3389	1343	1910	2352
ENSMUSG00000017264	3	6	2	10	6	5608	3810	5342	2780	3813	4459
ENSMUSG00000017299	4	4	5	1	2	1098	768	1214	477	579	747
ENSMUSG00000017421	0	8	5	9	11	13948	8806	13040	5618	6675	7745
ENSMUSG00000017428	1	1	0	6	7	2865	1897	2866	1446	1987	2222
ENSMUSG00000017485	1	5	4	10	5	26717	17072	25650	8861	10821	12702
ENSMUSG00000017561	5	2	4	5	4	6678	4200	6553	1918	2269	3031
ENSMUSG00000017707	7	23	11	34	28	26197	17012	24896	7432	9323	10990
ENSMUSG00000017760	2	1	1	4	7	3824	2659	4031	1119	1616	1791
ENSMUSG00000017781	0	0	4	10	5	4143	2867	4202	1982	2624	2974
ENSMUSG00000017999	0	4	2	3	8	4896	3393	5090	3081	4260	4973
ENSMUSG00000018168	1	3	7	7	2	11520	7513	11183	4234	5481	6363
ENSMUSG00000018286	2	3	3	4	6	4457	2931	4523	2132	2979	3553
ENSMUSG00000018293	26	31	26	32	64	35094	22877	36231	16580	21783	27193
ENSMUSG00000018326	4	5	6	0	5	4440	2905	4267	1635	2098	2617
ENSMUSG00000018340	10	18	13	27	17	29471	18697	29306	8069	11304	13883
ENSMUSG00000018341	4	2	0	12	5	5421	3505	5384	1999	2578	2855
ENSMUSG00000018379	8	1	5	15	11	22080	13656	21286	10983	13737	16328
ENSMUSG00000018433	1	2	2	8	2	4594	2989	4234	3351	4368	5072
ENSMUSG00000018446	5	2	4	9	11	1837	1264	1753	1192	1645	1939
ENSMUSG00000018476	3	7	2	16	21	3307	2127	3568	2918	4731	4852
ENSMUSG00000018567	2	0	5	4	5	3079	2026	2859	1451	1746	2278
ENSMUSG00000018574	3	4	3	0	5	2222	1324	2147	697	955	1230
ENSMUSG00000018583	2	5	1	3	9	15376	9534	15130	7330	10009	12224
ENSMUSG00000018654	3	11	12	15	16	30081	19253	29639	8455	11080	13037
ENSMUSG00000018707	4	2	9	8	12	20790	13398	19975	5625	7874	9284
ENSMUSG00000018770	9	12	18	19	20	5683	3208	5312	2009	2898	3561
ENSMUSG00000018819	1	11	15	7	10	14035	9679	14088	4119	5672	6439
ENSMUSG00000018899	1	6	9	7	8	20350	13340	20467	11961	17447	21791
ENSMUSG00000018916	1	2	0	14	2	101	81	97	2834	3770	3843
ENSMUSG00000018930	10	16	12	86	86	8760	5260	8320	19658	27900	32364
ENSMUSG00000018932	0	0	3	7	5	4699	3079	4578	4130	6485	7355
ENSMUSG00000018974	4	2	3	2	5	3816	2378	3741	1610	2214	2662
ENSMUSG00000019179	1	8	3	2	6	3947	2613	3856	1474	2125	2610
ENSMUSG00000019188	7	7	3	3	6	6371	4035	6490	2833	3929	4902
ENSMUSG00000019370	1	4	5	6	3	8818	5946	8707	2917	3645	4228
ENSMUSG00000019373	0	4	4	2	5	4355	2881	4296	1773	2401	2685
ENSMUSG00000019432	9	2	6	9	9	11770	7609	11936	4262	6039	7254
ENSMUSG00000019470	15	6	0	8	4	4528	2909	4553	1756	2661	3272
ENSMUSG00000019471	1	6	10	5	5	4353	3018	4446	2101	2972	3569
ENSMUSG00000019494	7	0	2	4	9	1405	932	1323	571	768	947
ENSMUSG00000019505	2	0	6	7	4	5653	3739	5624	2080	2985	3487
ENSMUSG00000019795	7	1	1	9	8	3019	1860	2902	1053	1446	1743
ENSMUSG00000019804	0	3	3	5	5	2535	1744	2558	1145	1457	1780
ENSMUSG00000019818	3	7	6	10	9	15043	9661	14406	5686	7420	8616
ENSMUSG00000019820	1	0	3	9	7	27323	17033	25949	8925	12388	14002
ENSMUSG00000019823	2	4	2	4	5	6125	3897	6060	2014	2755	3393
ENSMUSG00000019850	1	2	5	4	4	22340	14855	22489	9801	12431	15448
ENSMUSG00000019866	2	3	4	7	4	9357	6287	9156	4468	6352	7182
ENSMUSG00000019868	5	3	0	8	3	2017	1337	2025	994	1356	1528
ENSMUSG00000019877	1	4	3	4	3	7952	4877	7537	3194	4006	4791
ENSMUSG00000019907	2	10	0	1	8	16025	10472	15355	6036	7373	8579
ENSMUSG00000019942	3	9	2	3	6	5957	3852	5787	1832	2443	2836
ENSMUSG00000019943	7	5	6	2	4	16657	10753	15885	5470	6812	7887
ENSMUSG00000019961	4	13	4	6	15	29318	19007	29397	8428	10593	12714
ENSMUSG00000019969	3	0	0	2	12	4934	3383	4933	1824	2289	2607
ENSMUSG00000020009	9	18	17	16	20	42356	26134	40909	7109	8642	11134
ENSMUSG00000020048	7	6	9	12	18	26259	17578	25449	7448	9346	10989
ENSMUSG00000020075	2	5	15	16	31	15300	10297	15209	11508	15986	18602
ENSMUSG00000020077	3	13	18	36	42	19538	11698	18579	13550	16868	18633
ENSMUSG00000020088	1	3	5	4	4	6699	4256	6498	2938	3955	4747
ENSMUSG00000020089	1	1	2	6	9	2785	1834	2832	1932	2566	3100
ENSMUSG00000020097	1	3	0	0	12	2498	1555	2340	1086	1373	1716
ENSMUSG00000020101	2	3	2	3	17	13098	8049	12721	5970	8515	10491
ENSMUSG00000020108	2	12	0	4	1	3141	2033	3216	588	751	1044
ENSMUSG00000020114	2	5	5	2	7	6924	4423	6653	3716	4823	5937
ENSMUSG00000020120	2	2	0	2	9	9051	5755	8745	6033	8193	9091
ENSMUSG00000020134	0	5	2	2	10	9638	6168	9278	4594	6096	7086
ENSMUSG00000020143	9	7	15	19	10	37903	23394	36103	10875	14467	17502
ENSMUSG00000020152	8	7	4	19	11	15885	10793	15650	5811	7996	9441
ENSMUSG00000020166	2	4	3	11	3	5890	3933	5782	3040	3778	4640
ENSMUSG00000020180	5	6	4	7	3	1037	700	997	565	790	877
ENSMUSG00000020190	0	2	4	2	7	10998	6671	10472	3180	4478	5337
ENSMUSG00000020211	1	1	2	5	7	1059	830	1167	638	839	889
ENSMUSG00000020219	3	4	2	1	5	1432	834	1478	537	848	1082
ENSMUSG00000020250	3	1	6	18	11	10706	6625	10461	7468	9940	11721
ENSMUSG00000020267	2	3	7	7	11	5045	3518	5187	2368	3105	3832
ENSMUSG00000020272	2	8	3	4	7	10422	6784	10028	2640	3420	4235
ENSMUSG00000020275	4	9	4	15	13	8438	5252	8197	4668	6796	7567
ENSMUSG00000020290	4	3	4	7	26	20098	13324	19703	6616	8330	9821
ENSMUSG00000020321	3	3	5	10	7	7735	4743	7595	2260	3072	3778
ENSMUSG00000020340	5	9	8	3	9	16618	11226	16417	4259	6071	6768
ENSMUSG00000020349	9	1	7	13	5	11608	7607	11340	6466	8176	9676
ENSMUSG00000020358	5	16	8	14	24	16061	10617	17230	9860	12266	14533
ENSMUSG00000020361	5	4	9	17	17	12893	8189	12576	7969	9802	11733
ENSMUSG00000020368	7	12	10	9	15	26808	16730	25210	9549	11992	14382
ENSMUSG00000020372	9	17	15	49	60	66318	37726	64045	25921	37171	47364
ENSMUSG00000020390	0	3	7	0	7	3014	1906	2866	1062	1326	1600
ENSMUSG00000020395	6	7	11	22	24	43852	28389	43721	21137	29390	36244
ENSMUSG00000020400	4	7	0	1	12	6160	4156	6159	1900	2636	2956
ENSMUSG00000020423	4	3	5	8	4	11259	7123	11186	3413	4862	6100
ENSMUSG00000020437	1	8	1	14	12	11207	7326	11391	5880	8408	10400
ENSMUSG00000020440	7	14	14	11	12	3382	1934	3299	978	1494	1911
ENSMUSG00000020456	0	6	12	5	8	6371	4321	6233	2064	2905	3172
ENSMUSG00000020458	0	0	3	7	6	3094	1928	2925	1256	1505	1861
ENSMUSG00000020476	1	4	3	0	7	5178	3337	5280	1752	2348	3038
ENSMUSG00000020484	1	3	0	4	7	4361	2834	4249	2539	3180	3905
ENSMUSG00000020538	2	5	5	3	3	6235	3725	6261	1618	2275	2924
ENSMUSG00000020571	0	10	9	8	7	6679	4174	6391	2246	2932	3767
ENSMUSG00000020577	4	5	0	7	10	4897	3178	4762	1619	2075	2579
ENSMUSG00000020594	7	7	3	4	5	12032	7333	11426	5315	6514	7733
ENSMUSG00000020608	12	0	3	4	9	10032	6649	9898	3600	4187	4978
ENSMUSG00000020612	10	5	12	15	24	12838	8448	12663	5820	7650	9636
ENSMUSG00000020649	4	11	6	8	2	15200	9813	15025	3401	4661	5608
ENSMUSG00000020680	1	4	6	5	2	2072	1352	1980	719	863	784
ENSMUSG00000020702	2	1	1	3	11	295	182	269	2033	2775	2908
ENSMUSG00000020706	3	4	4	4	5	7014	4492	6958	4840	6753	8062
ENSMUSG00000020708	3	2	4	2	7	2753	1772	2678	1202	1835	2241
ENSMUSG00000020719	4	1	10	12	20	53933	34073	52118	24514	31491	38137
ENSMUSG00000020739	0	4	3	5	7	5792	3805	5668	2079	2964	3543
ENSMUSG00000020788	3	3	4	3	10	13328	8824	13562	2747	3998	4612
ENSMUSG00000020790	3	5	1	4	3	7843	4961	7343	2901	3949	4587
ENSMUSG00000020849	6	5	8	15	4	6128	4539	6168	3357	4390	4842
ENSMUSG00000020850	8	9	5	9	13	21953	14383	21250	8476	11683	13810
ENSMUSG00000020859	4	2	4	5	3	14933	9417	14183	8573	11463	12880
ENSMUSG00000020863	5	5	4	4	2	7613	4725	7215	3211	4007	4533
ENSMUSG00000020869	1	1	4	6	3	5482	3558	5392	2825	3649	4484
ENSMUSG00000020899	7	3	5	7	8	6620	4058	6455	2524	3636	4138
ENSMUSG00000020914	11	31	25	17	28	81044	51876	77372	22637	28174	33948
ENSMUSG00000020917	4	8	4	4	5	11060	6967	10727	3706	4968	6297
ENSMUSG00000020929	2	3	8	4	14	5369	3414	5228	2000	2936	3435
ENSMUSG00000020936	0	2	5	4	4	5261	3536	5295	2426	3245	3893
ENSMUSG00000021024	9	1	3	9	5	3951	2476	3900	1764	2398	2832
ENSMUSG00000021025	8	15	13	23	25	10739	7032	10576	6495	9790	12209
ENSMUSG00000021039	5	4	4	4	2	4825	3136	4786	2270	2912	3531
ENSMUSG00000021048	3	2	4	1	6	3769	2430	3659	1675	2279	2799
ENSMUSG00000021072	4	0	2	5	6	4576	2810	4406	1590	1955	2475
ENSMUSG00000021102	0	1	4	9	6	700	456	779	420	515	657
ENSMUSG00000021108	3	0	1	9	3	26882	16949	26774	8827	11826	14232
ENSMUSG00000021109	3	1	10	6	12	26030	16598	25087	15659	19386	22311
ENSMUSG00000021115	2	3	8	12	3	3884	2607	3769	1491	2022	2389
ENSMUSG00000021127	0	9	11	19	19	6366	4774	6519	3515	4777	5129
ENSMUSG00000021134	2	2	0	11	0	16367	10788	16037	7256	9498	11233
ENSMUSG00000021144	0	4	0	10	2	2868	1895	2958	930	1244	1365
ENSMUSG00000021149	3	1	6	9	1	6938	4425	6579	5853	7634	9031
ENSMUSG00000021171	0	7	3	4	4	15151	9033	14272	3404	4415	5156
ENSMUSG00000021196	11	3	4	23	18	25708	16345	24968	9759	13517	16188
ENSMUSG00000021218	2	9	3	9	14	16392	10691	16038	6687	8520	10133
ENSMUSG00000021242	4	15	4	4	7	8973	5483	8624	2666	3781	4697
ENSMUSG00000021250	0	0	1	14	7	3318	2031	3175	4297	5526	6903
ENSMUSG00000021262	4	8	4	5	10	7074	4639	6919	1941	2538	3078
ENSMUSG00000021264	2	4	2	6	11	5117	3204	5158	2134	2689	3241
ENSMUSG00000021298	4	1	3	6	6	9124	5646	9085	2623	3902	4753
ENSMUSG00000021356	5	12	3	18	23	24619	16080	24462	33777	49200	56112
ENSMUSG00000021357	1	3	2	4	7	6077	3790	5843	2035	2717	3273
ENSMUSG00000021365	0	2	0	10	4	6969	4609	6923	6782	9124	10537
ENSMUSG00000021427	3	1	2	5	6	7644	5128	7557	3291	4230	5053
ENSMUSG00000021451	6	1	10	4	10	11946	7893	11783	3319	4611	5575
ENSMUSG00000021453	0	0	2	8	5	597	421	675	2468	3506	4870
ENSMUSG00000021484	6	2	5	11	9	9293	5570	9238	3250	4597	5711
ENSMUSG00000021494	3	4	0	9	2	2677	1848	2722	1342	1940	2276
ENSMUSG00000021500	2	3	2	7	4	6458	4499	6214	3185	3988	4455
ENSMUSG00000021546	0	6	4	1	6	24589	15772	23854	12216	15712	19190
ENSMUSG00000021577	0	7	17	7	0	8250	5472	7909	2383	3146	3947
ENSMUSG00000021583	1	10	6	12	8	15589	9053	14377	6183	7782	9335
ENSMUSG00000021595	3	1	10	12	23	10181	6375	9891	6827	9522	11490
ENSMUSG00000021660	1	2	3	2	7	9487	6035	9329	4901	6334	7614
ENSMUSG00000021670	5	6	6	11	15	11952	7305	11143	4030	5761	7094
ENSMUSG00000021676	0	0	6	9	5	9181	5933	8710	2110	2634	3054
ENSMUSG00000021728	8	9	1	9	15	17836	11195	17318	4970	6307	7288
ENSMUSG00000021731	0	3	6	2	4	2407	1616	2485	1421	1712	2061
ENSMUSG00000021754	4	1	0	4	9	9480	6617	9473	2336	3130	3637
ENSMUSG00000021771	3	0	3	4	5	7337	4709	7241	3344	4375	5220
ENSMUSG00000021794	7	11	9	11	11	10536	6317	10219	3961	5024	5934
ENSMUSG00000021814	1	0	0	8	6	4443	2727	4344	1999	2469	2969
ENSMUSG00000021832	0	5	3	4	7	5712	3586	5696	3061	3638	4271
ENSMUSG00000021840	0	5	4	4	12	4738	3114	4628	2228	3106	3431
ENSMUSG00000021895	4	16	9	8	10	29548	19104	28908	12341	17430	20693
ENSMUSG00000021939	2	0	6	7	6	6332	3673	5875	1738	2210	2662
ENSMUSG00000021957	6	11	17	11	25	15903	9833	15503	5885	7983	10019
ENSMUSG00000021973	0	2	0	9	6	3371	2043	3143	1212	1612	1791
ENSMUSG00000021990	6	13	1	0	7	12398	8023	12054	2896	3595	4553
ENSMUSG00000021998	20	31	33	53	31	82145	53600	79060	39820	53363	62478
ENSMUSG00000022014	2	7	0	4	9	8873	6037	8705	2871	3405	3832
ENSMUSG00000022024	0	1	10	6	2	5267	3393	4856	2147	2752	3126
ENSMUSG00000022048	0	7	7	8	1	7468	4818	7069	2050	3021	3463
ENSMUSG00000022108	6	15	9	24	26	14860	9660	14815	4281	5528	6908
ENSMUSG00000022136	3	1	5	2	4	9044	5642	8468	2760	3343	4032
ENSMUSG00000022142	2	0	5	2	7	8238	5144	7878	3052	3960	4630
ENSMUSG00000022148	3	3	7	5	1	6708	5021	6906	2528	3218	3644
ENSMUSG00000022160	5	1	0	4	5	1959	1325	1930	919	1298	1486
ENSMUSG00000022174	9	6	5	8	2	2364	1672	2617	1145	1457	1706
ENSMUSG00000022175	4	7	1	6	9	7722	4668	7928	2304	3236	3769
ENSMUSG00000022185	3	9	15	7	8	9628	6696	9601	3978	5119	5774
ENSMUSG00000022201	1	2	4	4	4	5422	3573	5179	2989	3635	4284
ENSMUSG00000022205	2	8	2	10	3	7819	4920	7593	3753	4684	5456
ENSMUSG00000022216	1	8	3	5	4	9944	6472	9752	5053	6649	8057
ENSMUSG00000022234	5	15	16	17	24	16202	10422	15887	8322	11114	13964
ENSMUSG00000022241	3	6	2	10	19	8733	5621	8644	4979	6227	7413
ENSMUSG00000022283	4	4	2	23	11	17543	11869	17452	8015	10745	11351
ENSMUSG00000022314	1	8	9	11	12	17729	11738	17200	5666	6800	7846
ENSMUSG00000022346	12	21	12	40	46	8820	6350	8938	13047	19737	21423
ENSMUSG00000022354	5	0	2	3	8	2379	1544	2314	971	1181	1597
ENSMUSG00000022360	4	4	4	1	7	25469	16868	24812	7088	8289	9774
ENSMUSG00000022370	2	5	0	2	6	2365	1485	2296	992	1109	1318
ENSMUSG00000022372	5	5	5	8	14	41147	26130	40404	22333	32467	36158
ENSMUSG00000022378	2	5	5	8	6	9671	6459	9392	3977	4846	5606
ENSMUSG00000022391	2	6	2	7	16	11666	7415	11522	4548	6378	7669
ENSMUSG00000022407	10	5	6	14	9	4814	3036	4868	2337	3229	4044
ENSMUSG00000022437	6	0	1	3	9	3722	2343	3657	1400	2080	2569
ENSMUSG00000022439	2	0	7	12	6	5045	3127	4953	1745	2325	2858
ENSMUSG00000022443	41	54	55	61	54	98483	61847	95455	26271	36469	42694
ENSMUSG00000022450	3	4	8	5	2	1937	1232	1856	743	1064	1190
ENSMUSG00000022462	0	6	11	8	14	21077	13302	19954	6319	8331	9727
ENSMUSG00000022463	1	10	3	4	1	5870	3603	5704	1651	2317	2787
ENSMUSG00000022477	13	11	8	8	6	13726	8528	12985	4913	6525	7921
ENSMUSG00000022488	6	4	2	5	2	15299	9672	14303	4782	6248	7493
ENSMUSG00000022503	0	4	3	4	7	3306	2092	3390	1274	1791	2107
ENSMUSG00000022545	6	0	1	5	4	1403	958	1349	553	823	796
ENSMUSG00000022551	5	2	4	5	16	2836	1720	2737	903	1273	1616
ENSMUSG00000022557	4	4	5	6	4	4026	2453	3987	2309	3376	4068
ENSMUSG00000022575	0	2	6	4	5	2173	1357	2168	782	1106	1364
ENSMUSG00000022587	12	27	20	21	23	23735	16059	23063	6456	8772	10068
ENSMUSG00000022601	0	2	2	11	2	5060	3207	5022	2664	3319	3979
ENSMUSG00000022614	4	1	4	2	4	3372	2172	3320	970	1213	1377
ENSMUSG00000022637	0	6	2	2	10	17028	10450	16427	5278	7326	8045
ENSMUSG00000022657	1	1	2	4	7	9693	6070	9134	3039	4143	4700
ENSMUSG00000022673	0	7	0	15	19	15301	9842	14862	4852	6428	7230
ENSMUSG00000022682	1	2	0	9	3	4608	2905	4490	2729	3482	4303
ENSMUSG00000022710	0	0	2	12	1	12351	8038	11952	5866	7417	8634
ENSMUSG00000022724	2	3	0	6	6	3133	2095	3090	1217	1701	2032
ENSMUSG00000022752	1	1	6	11	11	7911	5201	8005	4984	6377	7569
ENSMUSG00000022769	2	8	1	2	3	1995	1110	1987	467	626	770
ENSMUSG00000022797	2	4	19	19	17	34130	19908	31430	15608	20805	24618
ENSMUSG00000022831	7	4	8	10	9	7314	5002	7385	2563	3504	4179
ENSMUSG00000022890	0	3	3	2	7	2746	1811	2612	1048	1425	1657
ENSMUSG00000022895	2	2	2	6	11	2450	1647	2579	1043	1393	1651
ENSMUSG00000022956	3	2	4	3	3	4034	2714	3974	1541	2103	2592
ENSMUSG00000022961	5	12	7	19	9	36629	23253	34733	15498	20869	24701
ENSMUSG00000022962	0	8	1	5	14	7081	4191	6772	3402	4849	5895
ENSMUSG00000022967	3	5	2	1	5	12695	8056	12318	3059	3799	4718
ENSMUSG00000022982	3	4	3	9	6	6925	4735	7017	3339	4291	5194
ENSMUSG00000023010	5	5	11	16	13	13067	7849	12741	4082	5516	7086
ENSMUSG00000023034	15	21	14	83	75	21145	13621	21585	22095	35552	39087
ENSMUSG00000023048	2	8	2	5	6	3255	2194	3096	1272	1551	1809
ENSMUSG00000023067	2	5	2	5	12	2502	1654	2465	1986	2664	3125
ENSMUSG00000023087	3	2	2	1	8	1549	955	1493	1121	1495	1796
ENSMUSG00000023104	0	1	2	9	4	4673	2865	4302	1187	1603	1947
ENSMUSG00000023110	4	8	4	6	4	4607	3218	4652	2113	2825	3506
ENSMUSG00000023118	2	1	3	4	6	5573	3743	5731	1836	2579	3004
ENSMUSG00000023132	6	13	9	21	12	16559	10064	15333	5078	5897	7434
ENSMUSG00000023169	1	3	3	12	16	19892	12528	19047	6969	9684	10859
ENSMUSG00000023175	3	0	5	4	3	6816	4275	6855	2329	3134	3872
ENSMUSG00000023456	4	8	0	8	4	7415	4692	7229	2607	3599	4597
ENSMUSG00000023830	2	9	1	5	6	15620	9808	15173	5136	6746	8261
ENSMUSG00000023845	2	6	9	11	14	23441	14425	21828	6144	8016	8863
ENSMUSG00000023852	4	0	1	3	8	11922	7953	11783	7244	9373	10391
ENSMUSG00000023927	9	6	15	12	18	35467	22812	35063	7804	10209	11472
ENSMUSG00000023942	3	5	5	3	9	6020	3645	5988	2617	3994	4793
ENSMUSG00000023944	19	25	26	59	57	72803	47609	70492	36990	50885	59971
ENSMUSG00000024002	11	3	8	5	9	3688	2522	3756	1179	1546	1541
ENSMUSG00000024007	1	2	2	3	7	3098	1985	2893	1053	1352	1719
ENSMUSG00000024012	1	5	2	0	8	4016	2434	3902	1144	1529	1814
ENSMUSG00000024014	7	7	8	34	27	10730	7334	11275	11483	16055	19302
ENSMUSG00000024042	3	4	1	3	5	5544	3554	5560	1639	2360	2577
ENSMUSG00000024045	1	8	1	7	1	8798	5691	8453	4262	5429	6484
ENSMUSG00000024054	2	2	3	7	3	22820	14682	22207	7540	9582	10938
ENSMUSG00000024073	2	4	3	6	10	34622	21627	32431	10945	14389	16672
ENSMUSG00000024097	4	1	2	5	3	12219	7948	11946	6093	8399	9758
ENSMUSG00000024120	4	1	0	5	5	6228	3842	5880	2909	3940	4838
ENSMUSG00000024151	1	5	1	1	7	3357	2172	3339	1100	1317	1512
ENSMUSG00000024194	1	4	1	6	3	1204	811	1174	379	479	588
ENSMUSG00000024231	0	6	0	13	3	2573	1669	2528	1412	1857	2096
ENSMUSG00000024308	12	20	16	32	20	14535	9111	14318	4271	6124	7618
ENSMUSG00000024338	7	8	16	19	5	12349	7508	12269	3384	4722	6021
ENSMUSG00000024339	2	9	5	8	11	6642	4151	6773	1773	2603	3331
ENSMUSG00000024349	4	2	2	6	4	4677	3038	4488	1591	2193	2667
ENSMUSG00000024359	5	8	7	8	17	20544	13149	20013	15476	19945	23846
ENSMUSG00000024360	0	1	0	9	7	13234	8245	13001	9578	12363	14887
ENSMUSG00000024381	8	0	3	3	3	2919	1921	3045	1196	1446	1855
ENSMUSG00000024387	10	2	4	5	10	5120	3444	5064	2345	3119	3657
ENSMUSG00000024392	2	10	3	9	15	5377	3632	5525	1807	2322	2732
ENSMUSG00000024393	6	8	4	4	6	7692	5193	7760	2644	3762	4064
ENSMUSG00000024399	15	7	7	16	34	10863	6583	11156	5056	6807	8518
ENSMUSG00000024401	4	2	2	22	41	6683	4079	6101	19083	29319	32217
ENSMUSG00000024402	2	5	0	6	16	1686	1102	1572	4631	6392	7707
ENSMUSG00000024425	3	7	9	15	24	13013	7353	12569	6142	8382	10421
ENSMUSG00000024456	3	0	1	2	11	9213	6125	9153	3131	4359	4905
ENSMUSG00000024474	1	11	3	0	6	4300	3136	4218	2009	2497	2865
ENSMUSG00000024493	6	6	2	8	3	9814	6001	9594	4556	6096	7441
ENSMUSG00000024498	4	0	7	5	8	7307	5011	7208	4549	5957	6487
ENSMUSG00000024513	0	6	3	6	7	5351	3540	5208	2368	2886	3268
ENSMUSG00000024527	5	2	4	8	8	3151	2115	3154	1298	1883	2180
ENSMUSG00000024539	0	2	5	7	7	4579	3028	4478	2390	3014	3473
ENSMUSG00000024556	1	6	4	2	4	5942	3808	5845	1917	2596	2949
ENSMUSG00000024576	1	0	3	12	4	21213	13162	20819	8952	11024	13080
ENSMUSG00000024583	0	3	2	3	8	4521	2775	4620	2332	2918	3568
ENSMUSG00000024587	10	11	5	12	3	12735	8013	12611	6636	8684	10206
ENSMUSG00000024590	12	13	8	7	10	5830	3759	6024	1539	1871	2244
ENSMUSG00000024608	4	3	2	8	4	25411	14881	25066	9462	13899	17062
ENSMUSG00000024613	5	4	4	12	4	6237	4032	6200	3008	4152	4845
ENSMUSG00000024640	3	2	5	17	15	9647	6059	9283	4715	6350	7603
ENSMUSG00000024644	2	6	8	8	8	4836	3317	4825	1817	2553	3228
ENSMUSG00000024660	4	10	5	3	5	7679	5173	7520	2165	2633	3182
ENSMUSG00000024661	2	5	4	0	9	5289	3541	5394	2436	3109	3700
ENSMUSG00000024669	7	11	7	16	12	14425	9126	14436	4456	6379	7730
ENSMUSG00000024670	1	3	5	10	5	12352	7516	12307	4169	5699	7055
ENSMUSG00000024677	1	5	13	4	4	43868	26536	41378	9870	12357	15194
ENSMUSG00000024696	0	5	3	6	6	8029	4825	7581	2187	2784	3556
ENSMUSG00000024725	2	3	5	11	5	7704	4885	7677	2708	3466	4286
ENSMUSG00000024740	2	8	12	14	15	16884	10893	16530	6550	9280	11557
ENSMUSG00000024758	0	2	2	8	4	5317	3437	5038	1723	2163	2591
ENSMUSG00000024759	8	2	2	4	7	10821	6512	9970	3359	4596	5253
ENSMUSG00000024772	2	7	5	18	17	5614	3600	5843	3669	5194	5881
ENSMUSG00000024816	0	4	2	2	9	5969	3759	6053	1268	1578	2183
ENSMUSG00000024835	3	6	1	10	5	3660	2376	3463	894	1256	1725
ENSMUSG00000024853	3	6	13	7	17	15287	10202	14878	5877	7798	9184
ENSMUSG00000024855	3	0	3	2	11	1688	1234	1730	525	674	773
ENSMUSG00000024856	1	7	6	5	1	2341	1476	2407	607	814	1037
ENSMUSG00000024858	7	4	3	3	8	14238	9042	14164	4346	5985	7090
ENSMUSG00000024870	1	6	0	15	3	3601	2301	3640	1030	1512	1905
ENSMUSG00000024908	2	2	6	1	5	12787	8186	12548	4988	6667	7696
ENSMUSG00000024910	2	1	8	13	13	12314	7547	11933	3409	4780	6059
ENSMUSG00000024942	1	4	4	7	3	5152	3401	5165	1436	2025	2498
ENSMUSG00000024949	8	9	8	8	36	9732	6292	9482	4112	5548	6227
ENSMUSG00000024965	1	8	4	14	10	11693	7249	11735	3661	5273	6660
ENSMUSG00000024966	1	2	4	12	10	5988	3914	5843	3243	4083	4810
ENSMUSG00000024975	2	0	4	9	7	4287	3024	4175	1838	2167	2609
ENSMUSG00000024991	7	12	6	15	23	20366	14317	19973	10989	14374	16783
ENSMUSG00000024997	1	2	6	2	7	3090	1817	2878	1391	1879	2384
ENSMUSG00000025001	0	4	4	6	3	10790	7108	10252	3519	4189	4687
ENSMUSG00000025007	3	2	4	12	3	6455	3932	6156	3138	3958	5000
ENSMUSG00000025016	1	2	5	7	8	15996	10059	15491	7246	9006	10882
ENSMUSG00000025026	0	4	5	5	5	10450	6784	9984	2689	3601	4063
ENSMUSG00000025027	4	2	4	1	4	2218	1576	2198	997	1183	1502
ENSMUSG00000025066	10	0	6	5	3	3571	2457	3368	2224	2733	3157
ENSMUSG00000025085	0	7	5	4	2	23743	15905	22890	5739	7490	8934
ENSMUSG00000025130	3	4	8	12	19	15006	9218	14516	5111	6823	8289
ENSMUSG00000025132	2	7	3	8	7	9710	6735	9727	3653	5108	6058
ENSMUSG00000025134	8	7	18	5	8	8096	5488	8286	3561	4583	5489
ENSMUSG00000025153	6	1	4	11	26	13322	8252	13437	7309	10906	12660
ENSMUSG00000025162	0	5	4	6	5	5548	3492	5531	2336	3100	3823
ENSMUSG00000025204	0	0	0	7	9	2855	1821	2763	1153	1547	1844
ENSMUSG00000025220	3	4	3	9	12	21121	13668	20863	7240	9096	11475
ENSMUSG00000025225	1	5	6	7	9	12221	7873	12614	7188	10485	12342
ENSMUSG00000025246	1	3	1	4	9	8347	5445	8162	4359	5877	6702
ENSMUSG00000025261	5	6	2	6	7	29104	18803	27490	10480	14450	15930
ENSMUSG00000025266	2	0	4	6	4	4884	3014	4580	2518	3273	3886
ENSMUSG00000025278	2	5	5	1	2	7088	4469	6990	1737	2403	2705
ENSMUSG00000025357	8	3	8	6	9	18768	12311	18224	4661	6052	7238
ENSMUSG00000025362	2	3	5	5	2	12276	8745	12295	6473	8107	9204
ENSMUSG00000025364	9	8	6	12	27	13719	9107	13540	8520	11008	13208
ENSMUSG00000025366	5	9	8	6	19	29107	18154	28366	6723	8974	10901
ENSMUSG00000025369	3	0	1	0	11	4840	3223	4589	1917	2431	2772
ENSMUSG00000025374	6	0	4	2	4	843	669	829	446	539	511
ENSMUSG00000025393	13	38	36	31	42	39895	24774	39103	14499	19770	24230
ENSMUSG00000025402	9	6	10	12	9	7843	4816	7977	3092	4806	5864
ENSMUSG00000025403	3	2	4	11	25	12590	7660	12470	5822	8447	10258
ENSMUSG00000025428	21	14	21	23	37	30335	18944	29762	11051	15043	19153
ENSMUSG00000025485	5	5	3	0	2	3986	2536	3957	1346	1778	2287
ENSMUSG00000025487	1	8	11	4	11	4625	2821	4421	1604	2094	2628
ENSMUSG00000025503	4	3	9	2	3	3866	2394	3815	1212	1631	2011
ENSMUSG00000025508	0	1	4	6	5	17342	11282	17548	8071	10957	14898
ENSMUSG00000025580	0	6	2	3	6	5898	3821	6089	2941	3867	4858
ENSMUSG00000025613	3	10	11	18	10	12577	7957	12288	6406	8323	9964
ENSMUSG00000025630	7	1	5	3	2	7052	4468	7045	3027	3988	4556
ENSMUSG00000025647	6	11	10	22	14	33096	20834	31691	10871	14391	17046
ENSMUSG00000025651	3	4	9	8	19	6400	3734	6185	2169	3101	3755
ENSMUSG00000025724	3	3	4	2	3	4555	2843	4428	1610	2238	2870
ENSMUSG00000025745	0	5	2	5	4	7585	4995	7435	2752	3628	4418
ENSMUSG00000025747	2	2	2	2	8	7527	4634	7431	2022	2591	3071
ENSMUSG00000025781	2	9	6	5	1	8386	5354	8055	3126	3914	4721
ENSMUSG00000025790	2	7	2	2	3	2841	1922	2609	486	685	718
ENSMUSG00000025809	0	2	15	4	1	8836	5477	8369	4082	4894	5992
ENSMUSG00000025862	2	4	3	1	5	19916	12605	19151	7935	9803	11355
ENSMUSG00000025967	7	8	2	6	17	21634	13763	20967	9844	13695	16934
ENSMUSG00000025982	2	8	24	25	9	47873	30225	45745	18539	23485	28274
ENSMUSG00000026011	4	2	7	5	11	19008	13011	18873	3527	4259	5158
ENSMUSG00000026012	0	10	11	2	4	26946	16684	25786	4687	5430	6573
ENSMUSG00000026020	2	5	3	14	9	11601	7425	11396	8950	11357	13405
ENSMUSG00000026034	6	1	3	5	3	21948	14071	21229	7741	9462	11329
ENSMUSG00000026082	8	0	4	4	2	891	622	847	500	651	737
ENSMUSG00000026094	4	13	15	17	8	48929	29959	47129	13779	16025	20942
ENSMUSG00000026103	5	7	1	7	6	17519	10690	16867	9246	11493	13524
ENSMUSG00000026104	7	21	12	10	14	31032	19633	29963	10333	13202	16687
ENSMUSG00000026117	7	11	3	14	9	9732	5854	10000	4039	6032	7342
ENSMUSG00000026126	2	7	4	10	14	2444	1437	2683	980	1179	1588
ENSMUSG00000026127	4	3	2	8	6	3539	2407	3566	2218	2999	3560
ENSMUSG00000026159	4	1	0	8	17	11276	7018	10823	7296	9403	10868
ENSMUSG00000026192	4	1	3	13	10	6478	4144	6382	2638	3535	4428
ENSMUSG00000026202	2	2	0	9	17	3331	2188	3284	2208	2778	3529
ENSMUSG00000026219	4	2	13	11	5	18946	11871	18044	7438	9292	11034
ENSMUSG00000026222	1	4	5	5	2	8986	5990	8772	2548	3132	3626
ENSMUSG00000026229	6	2	4	2	4	5671	3885	5554	2789	3529	4214
ENSMUSG00000026234	13	19	28	30	32	12575	9845	12770	13316	15977	16699
ENSMUSG00000026245	3	0	3	5	5	3486	2164	3259	1937	2488	3116
ENSMUSG00000026281	1	0	4	1	12	2921	1879	2934	839	1186	1443
ENSMUSG00000026285	1	2	2	8	11	6403	3977	6293	3150	5115	5904
ENSMUSG00000026288	2	0	4	2	10	14662	9268	14540	4285	6006	7045
ENSMUSG00000026305	8	4	0	1	3	14836	9581	14281	6916	9194	10729
ENSMUSG00000026341	1	1	2	7	4	28144	18139	27794	12005	15614	18662
ENSMUSG00000026355	6	10	10	9	20	24926	15899	24198	7724	10195	12328
ENSMUSG00000026358	0	3	0	7	6	8938	5790	8952	16505	20407	24078
ENSMUSG00000026395	39	51	60	61	77	192022	115546	180246	65215	83728	97791
ENSMUSG00000026421	6	4	4	11	2	6545	4412	6679	2609	3837	4546
ENSMUSG00000026430	2	1	4	6	2	12117	7490	11818	4301	5910	7100
ENSMUSG00000026434	1	2	8	1	5	22668	14820	21962	8133	10461	12127
ENSMUSG00000026466	0	2	4	4	7	3578	2385	3484	1308	1666	1928
ENSMUSG00000026475	2	1	4	28	15	3384	2309	3613	9930	15209	18368
ENSMUSG00000026483	2	1	4	10	5	2808	1767	2654	2748	3439	4369
ENSMUSG00000026547	8	17	18	19	14	11486	7669	11024	4054	5039	6472
ENSMUSG00000026553	2	6	10	9	3	14679	9406	14104	5342	6841	8321
ENSMUSG00000026573	19	15	12	54	70	7527	4478	7177	17300	23370	28541
ENSMUSG00000026581	3	6	9	5	11	16400	10646	15568	4168	5709	6695
ENSMUSG00000026615	2	5	6	1	23	20632	13013	19558	11244	14515	17389
ENSMUSG00000026669	5	2	8	1	2	6628	4577	6526	1937	2520	2975
ENSMUSG00000026701	0	1	6	4	8	8491	5298	8138	3245	4566	5548
ENSMUSG00000026728	22	39	28	67	62	52203	32622	50231	26566	33508	42669
ENSMUSG00000026750	0	2	3	11	3	3481	2169	3368	1580	2142	2524
ENSMUSG00000026753	4	5	0	3	3	4526	2929	4403	2149	2809	3356
ENSMUSG00000026770	1	7	2	11	11	18473	11674	17292	19122	25399	29589
ENSMUSG00000026790	1	0	4	2	8	7120	5016	7346	2285	2941	3357
ENSMUSG00000026826	3	1	2	21	20	7459	4885	7399	7207	10302	11224
ENSMUSG00000026832	3	9	4	0	5	21181	13147	20792	4445	5795	6930
ENSMUSG00000026864	13	21	20	31	32	33982	20579	32094	16719	22529	27207
ENSMUSG00000026875	4	1	6	18	17	22678	14235	22021	9843	14309	16883
ENSMUSG00000026914	4	3	5	7	6	5537	3529	5455	2690	3385	3992
ENSMUSG00000026923	3	3	3	16	22	10852	6696	10785	4361	6610	7060
ENSMUSG00000026924	3	4	2	4	2	9379	6097	9253	3603	5033	5685
ENSMUSG00000026926	3	5	2	3	8	4007	2769	3963	1625	2143	2592
ENSMUSG00000026977	2	0	1	7	8	10898	6953	10435	4583	5741	6723
ENSMUSG00000027018	6	3	4	6	0	5236	3265	4987	2384	3007	3435
ENSMUSG00000027067	6	10	8	11	8	15851	10459	15520	6010	8104	9811
ENSMUSG00000027131	5	0	7	3	1	1078	639	1080	468	656	801
ENSMUSG00000027184	1	9	10	18	13	20853	13896	20730	10502	13383	15427
ENSMUSG00000027203	15	7	2	4	11	5718	3867	6079	2137	2707	3368
ENSMUSG00000027215	8	5	0	11	5	6494	4168	6211	3943	5589	6664
ENSMUSG00000027248	14	18	22	24	25	13208	8592	12486	3574	4264	4842
ENSMUSG00000027293	1	4	4	2	7	1658	1047	1618	759	1089	1207
ENSMUSG00000027342	4	0	2	2	7	22808	14751	22117	8420	11183	13357
ENSMUSG00000027347	0	2	6	6	3	12956	8505	12829	5527	7520	8760
ENSMUSG00000027368	11	13	8	24	31	9702	5824	10042	7909	11670	15332
ENSMUSG00000027381	3	1	4	7	4	18679	12528	18474	3869	5173	6079
ENSMUSG00000027404	3	8	8	15	11	8304	4868	8428	3023	4613	5975
ENSMUSG00000027405	2	14	4	8	13	12223	8047	12012	8300	11895	14192
ENSMUSG00000027429	7	3	0	10	11	5191	3339	4863	2200	2767	3445
ENSMUSG00000027433	4	8	6	7	8	15280	9854	14622	6129	7858	9458
ENSMUSG00000027454	9	0	1	2	6	1230	784	1235	390	494	581
ENSMUSG00000027523	9	8	4	9	6	4328	2981	4511	1957	2414	2672
ENSMUSG00000027540	3	0	6	8	5	4688	2860	4753	2629	3879	4571
ENSMUSG00000027566	5	6	6	13	8	5530	3519	5441	2728	3572	4490
ENSMUSG00000027593	2	3	9	3	4	10745	6566	10620	3910	5230	6333
ENSMUSG00000027613	4	2	2	3	10	5170	3170	5255	2795	4117	4779
ENSMUSG00000027620	3	3	5	4	4	38842	25053	37874	14804	18363	22267
ENSMUSG00000027639	5	15	11	16	8	14964	9785	14395	4998	6360	7887
ENSMUSG00000027641	3	6	2	0	7	9796	6429	9207	2861	3359	3926
ENSMUSG00000027642	8	6	6	10	14	14175	8654	13272	4082	5644	7016
ENSMUSG00000027671	3	1	7	5	2	4087	2559	3851	1625	2220	2707
ENSMUSG00000027673	4	1	5	3	7	3128	1815	3019	1131	1477	1892
ENSMUSG00000027706	5	0	0	5	6	4218	2907	4162	2083	2496	3032
ENSMUSG00000027714	2	1	0	4	10	2320	1527	2253	1215	1589	1865
ENSMUSG00000027715	6	7	0	11	4	13031	8649	13269	3906	4984	5489
ENSMUSG00000027720	0	1	1	13	29	171	97	151	3826	5674	6060
ENSMUSG00000027752	4	2	2	4	5	4220	2658	4051	1442	1824	2253
ENSMUSG00000027763	4	6	6	6	6	65352	41612	62087	22669	27123	32149
ENSMUSG00000027770	4	4	2	1	4	7855	4950	7524	3472	4323	5036
ENSMUSG00000027782	0	2	1	2	10	13100	8396	12501	6334	7945	9398
ENSMUSG00000027787	2	5	0	13	7	3331	2343	3497	2240	3022	3367
ENSMUSG00000027843	3	1	12	9	6	25860	16833	25338	10840	14845	17209
ENSMUSG00000027863	4	8	3	12	16	9714	6441	9624	4089	5093	5994
ENSMUSG00000027878	3	3	2	4	7	10876	7149	10412	5287	7743	8973
ENSMUSG00000027940	0	3	1	2	10	19587	12576	19079	8594	10963	13129
ENSMUSG00000027998	4	0	5	4	2	3418	2226	3393	1549	2238	2693
ENSMUSG00000028034	4	0	6	8	6	15052	9256	14052	7249	9079	10305
ENSMUSG00000028059	2	4	3	4	6	5317	3442	5401	2901	4060	4913
ENSMUSG00000028071	0	4	7	7	7	16468	11064	16630	7134	10186	11663
ENSMUSG00000028138	3	4	6	18	5	4608	2977	4674	2039	2663	3206
ENSMUSG00000028163	4	3	3	10	16	22710	14235	21944	15748	21504	24456
ENSMUSG00000028165	0	4	2	6	9	3222	2118	3285	1359	1684	1836
ENSMUSG00000028249	5	3	0	7	7	9164	5613	8837	3799	5133	6192
ENSMUSG00000028268	3	7	3	2	2	5454	3545	5151	3126	4274	4840
ENSMUSG00000028270	3	4	9	11	15	13164	8413	12547	7833	10111	12124
ENSMUSG00000028312	9	9	15	4	5	18381	12216	17501	6217	7691	8622
ENSMUSG00000028322	6	0	4	3	6	2088	1302	2114	905	1158	1457
ENSMUSG00000028330	0	1	5	10	3	5894	3791	5603	2522	3332	4094
ENSMUSG00000028333	3	2	2	3	7	1878	1758	2157	1451	1725	1629
ENSMUSG00000028334	3	3	3	5	5	2749	1719	2641	909	1257	1552
ENSMUSG00000028341	6	13	6	42	64	11963	7752	11998	12874	19959	19568
ENSMUSG00000028343	3	1	1	5	5	2724	1741	2481	1206	1469	1767
ENSMUSG00000028367	5	8	3	4	6	11040	6995	10806	4510	5907	7092
ENSMUSG00000028381	2	2	5	7	3	21029	14089	20652	4881	6031	6817
ENSMUSG00000028382	10	0	2	4	4	19525	12924	19037	8740	10711	12487
ENSMUSG00000028409	5	4	5	4	8	5576	3649	5494	2805	3719	4679
ENSMUSG00000028413	2	9	4	4	6	10214	6602	10015	2069	2853	3345
ENSMUSG00000028426	2	3	5	6	5	9898	6314	9858	5467	7148	8295
ENSMUSG00000028430	3	2	6	3	13	3254	2051	3311	1833	2594	3184
ENSMUSG00000028433	4	1	1	6	11	2978	2034	3081	1286	1675	1927
ENSMUSG00000028465	16	23	14	9	26	24299	15335	23501	5629	7750	9426
ENSMUSG00000028478	3	4	8	5	7	6625	4449	6892	2372	3022	3507
ENSMUSG00000028480	2	8	0	8	5	9403	6190	9361	3445	4384	5471
ENSMUSG00000028514	2	1	0	8	6	9889	6225	9611	4340	5720	6860
ENSMUSG00000028530	1	10	9	16	16	21837	14455	21255	6899	8901	10428
ENSMUSG00000028577	0	1	2	7	5	6271	3992	6088	3315	4145	4994
ENSMUSG00000028580	2	4	3	6	6	6240	4051	6106	3290	4190	5007
ENSMUSG00000028581	17	28	27	39	26	26170	18120	25617	6893	9718	11173
ENSMUSG00000028599	2	4	5	16	13	18939	11914	19006	5483	7513	9269
ENSMUSG00000028609	4	0	3	9	4	2340	1605	2295	1570	1970	2325
ENSMUSG00000028618	0	1	7	2	6	3469	2137	3398	863	1099	1473
ENSMUSG00000028633	1	0	4	3	7	4171	2717	4214	3004	4247	5056
ENSMUSG00000028639	0	2	4	9	9	16337	11239	16591	8971	11268	12721
ENSMUSG00000028649	2	6	1	2	5	57251	35124	53420	14871	19830	22902
ENSMUSG00000028656	6	8	10	11	11	17661	11568	17199	6705	9028	10748
ENSMUSG00000028670	4	0	4	5	4	2671	1672	2715	1117	1510	1961
ENSMUSG00000028680	1	0	0	11	3	3014	1878	3046	2702	3999	4658
ENSMUSG00000028692	4	3	3	2	7	7322	4710	7331	2778	3733	4691
ENSMUSG00000028719	0	4	0	9	3	3422	2033	3142	1384	1629	2046
ENSMUSG00000028745	8	14	4	15	11	6862	4352	6621	2781	3788	4441
ENSMUSG00000028757	0	4	15	3	6	7212	4552	7150	2321	3126	3822
ENSMUSG00000028759	0	6	3	5	2	13556	8957	13637	3622	4429	5745
ENSMUSG00000028790	6	0	10	13	15	6651	4398	6875	2461	3178	3751
ENSMUSG00000028793	1	2	2	5	9	5216	3367	5603	3940	5298	6683
ENSMUSG00000028796	5	6	0	4	2	4905	3195	4956	1699	2408	2698
ENSMUSG00000028798	4	8	0	13	10	7156	4415	6898	3109	4121	5137
ENSMUSG00000028809	6	3	3	3	15	5752	4268	5949	2298	2997	3264
ENSMUSG00000028820	6	3	6	21	20	15478	10149	15956	6831	8840	10283
ENSMUSG00000028837	8	5	10	7	7	4835	3156	4728	2173	2946	3326
ENSMUSG00000028843	4	10	11	3	7	6082	4239	5937	2035	2607	3127
ENSMUSG00000028847	1	1	1	3	9	1407	871	1332	499	729	914
ENSMUSG00000028849	2	1	6	3	5	2230	1417	2310	783	967	1134
ENSMUSG00000028851	2	8	6	4	8	3341	2293	3330	1611	2216	2541
ENSMUSG00000028869	5	3	2	5	7	4391	2871	4280	3671	4773	5761
ENSMUSG00000028889	3	3	0	13	7	2278	1300	2201	1759	2465	3122
ENSMUSG00000028896	0	4	2	4	5	5201	3134	5194	2188	3087	3827
ENSMUSG00000028906	1	6	5	7	1	7068	4798	6780	2454	3177	3624
ENSMUSG00000028932	0	4	3	8	12	3122	2063	2984	1476	1986	2368
ENSMUSG00000028937	8	0	8	3	2	2326	1582	2304	841	1255	1494
ENSMUSG00000028948	3	6	4	3	3	3363	2135	3429	2533	3627	4273
ENSMUSG00000028953	0	5	2	6	2	4358	2857	4364	2880	3921	4466
ENSMUSG00000028964	13	1	4	7	6	2793	1739	2799	1016	1364	1524
ENSMUSG00000028965	5	9	5	23	19	10288	6216	9941	12951	17586	20830
ENSMUSG00000029017	5	4	2	7	0	3043	1842	2887	1394	1780	2172
ENSMUSG00000029028	4	3	3	4	4	1404	987	1461	657	896	1003
ENSMUSG00000029038	3	6	2	4	0	3263	2077	3372	1360	1812	2096
ENSMUSG00000029064	2	3	6	5	7	6200	4396	6178	2696	3561	4245
ENSMUSG00000029066	0	13	7	5	11	1824	1075	1796	870	1150	1495
ENSMUSG00000029076	3	8	7	6	11	10082	6442	9834	4624	6232	7493
ENSMUSG00000029104	3	3	4	3	11	10811	6715	10397	3580	4644	5177
ENSMUSG00000029135	4	1	2	5	13	11678	7349	11843	5394	7618	8657
ENSMUSG00000029146	2	1	5	5	4	2753	1763	2742	867	1208	1671
ENSMUSG00000029147	3	5	3	10	9	4995	3472	5018	2196	2757	3208
ENSMUSG00000029169	2	5	4	4	12	20903	13133	19969	10366	13082	15300
ENSMUSG00000029177	0	8	2	2	4	5833	3844	6050	1332	1608	2058
ENSMUSG00000029227	0	2	2	5	6	6890	4692	7030	3005	3782	4150
ENSMUSG00000029247	1	4	3	2	11	11581	7005	10932	4231	5410	6586
ENSMUSG00000029250	2	6	3	7	6	7695	4972	7172	3347	4253	5171
ENSMUSG00000029322	0	3	3	0	9	5264	3135	5084	1443	1935	2388
ENSMUSG00000029328	3	2	7	2	12	13537	9088	13336	6631	8255	9695
ENSMUSG00000029366	2	3	6	5	4	5466	3442	5384	1370	1808	2048
ENSMUSG00000029401	2	0	3	2	8	4230	2764	4205	2628	3985	4649
ENSMUSG00000029408	1	3	3	1	7	2761	1715	2835	691	988	1260
ENSMUSG00000029414	1	3	3	7	3	11593	7224	10848	3083	3791	4709
ENSMUSG00000029415	3	1	1	5	5	5054	3173	4766	3814	4889	5624
ENSMUSG00000029447	7	4	3	10	1	9934	6134	9929	6228	7933	9735
ENSMUSG00000029465	3	17	4	5	7	7847	5130	7968	3455	4710	5604
ENSMUSG00000029467	6	5	5	2	6	8897	5799	8921	4111	5675	6865
ENSMUSG00000029472	1	3	5	2	6	17277	11025	17018	5453	7542	8698
ENSMUSG00000029475	8	1	1	3	9	7950	5196	8046	2959	4080	4672
ENSMUSG00000029505	2	2	4	4	4	12598	7868	12171	3799	5234	5711
ENSMUSG00000029547	3	3	5	6	4	5158	3251	5061	1491	2023	2254
ENSMUSG00000029552	0	1	0	11	5	6678	4539	6740	4710	6072	7629
ENSMUSG00000029570	4	10	3	5	8	7594	4658	7550	2358	3015	4292
ENSMUSG00000029580	120	178	177	170	185	322331	213335	320478	112420	151507	184107
ENSMUSG00000029610	3	4	0	5	4	775	554	776	563	786	891
ENSMUSG00000029622	6	4	7	5	13	12372	7382	12181	4047	5500	7210
ENSMUSG00000029687	4	3	4	4	7	7331	4728	6856	2467	3148	3539
ENSMUSG00000029703	2	3	2	5	3	2893	1865	2913	912	1342	1577
ENSMUSG00000029713	6	18	6	9	16	7591	4806	7811	2102	2875	3790
ENSMUSG00000029730	4	2	4	2	7	14318	9097	14213	4014	5460	6616
ENSMUSG00000029752	2	2	1	3	11	6536	3777	6170	3798	5053	6172
ENSMUSG00000029777	5	5	9	20	13	14105	8932	13763	6202	8109	9688
ENSMUSG00000029826	6	8	4	1	2	26551	16957	25923	9866	12393	14485
ENSMUSG00000029860	2	10	3	8	8	3486	2514	3534	1343	1816	2097
ENSMUSG00000030007	2	16	2	15	15	11207	7075	11008	4998	7339	9068
ENSMUSG00000030036	3	0	4	5	8	4241	2479	4199	1950	2923	3646
ENSMUSG00000030057	22	18	17	35	18	19744	12037	19290	11495	15634	19774
ENSMUSG00000030058	5	2	3	2	7	8381	5292	8208	2893	4097	4869
ENSMUSG00000030062	4	4	8	5	6	8578	5502	8247	3193	4003	5101
ENSMUSG00000030082	1	1	8	21	11	13319	8172	12834	5177	7468	9127
ENSMUSG00000030091	5	9	10	3	9	27786	17583	27020	5659	7872	9244
ENSMUSG00000030103	12	1	5	20	24	19656	14065	20074	14534	20173	23842
ENSMUSG00000030104	3	2	0	4	12	16370	9649	15736	5124	6828	8117
ENSMUSG00000030124	4	4	0	5	14	1127	731	1194	715	920	1147
ENSMUSG00000030156	2	11	8	25	27	44966	28446	42455	36574	49989	57462
ENSMUSG00000030189	2	3	0	10	13	7337	4676	7360	4049	5466	6343
ENSMUSG00000030216	0	0	6	5	4	3863	2758	3805	1684	2188	2471
ENSMUSG00000030220	9	13	23	17	11	23592	15606	22961	7901	10001	11987
ENSMUSG00000030224	2	3	4	8	8	7100	4524	6986	4219	5371	6331
ENSMUSG00000030232	13	9	2	14	10	9552	6180	9474	5290	6657	7660
ENSMUSG00000030254	5	0	3	7	3	4253	2736	4061	1556	1927	2095
ENSMUSG00000030282	5	1	1	2	6	3239	2039	3078	1132	1486	1763
ENSMUSG00000030287	5	1	6	4	2	6785	4381	6615	1952	2622	2948
ENSMUSG00000030336	1	5	5	6	5	13510	8222	12861	4362	6162	7332
ENSMUSG00000030357	0	10	3	1	5	4506	2949	4671	1914	2629	3191
ENSMUSG00000030403	3	0	6	7	12	11709	7083	11718	4151	5734	7337
ENSMUSG00000030435	5	0	2	4	5	8397	5516	8457	4121	5710	7124
ENSMUSG00000030530	3	0	4	6	10	3303	2215	3483	5404	9168	10189
ENSMUSG00000030536	7	5	4	18	17	33070	21228	32072	9729	12955	15199
ENSMUSG00000030538	0	3	7	3	2	1109	676	1055	399	540	662
ENSMUSG00000030560	1	3	3	7	2	6719	4264	6530	2484	3085	3711
ENSMUSG00000030591	3	9	4	15	11	7763	4795	7531	3576	5004	5944
ENSMUSG00000030603	1	6	2	6	0	5414	3349	5353	2273	3054	3691
ENSMUSG00000030654	2	9	3	5	6	14746	8971	13838	3309	4174	5121
ENSMUSG00000030662	1	3	3	18	10	13811	9008	13047	7170	9571	11478
ENSMUSG00000030671	5	3	4	3	3	20372	12739	19848	4933	6034	7028
ENSMUSG00000030677	1	0	10	1	3	3321	2197	3225	903	1081	1312
ENSMUSG00000030695	2	19	10	26	19	19245	12744	19150	7560	10373	12651
ENSMUSG00000030697	5	7	8	7	8	7485	4627	7641	2579	3706	4380
ENSMUSG00000030707	54	52	61	64	77	50751	29289	51098	12422	18478	24300
ENSMUSG00000030718	1	0	0	2	13	1717	1075	1681	845	1102	1296
ENSMUSG00000030738	12	9	9	16	25	16651	10941	16270	10258	13934	15986
ENSMUSG00000030742	2	11	8	6	10	12083	7723	11863	4150	5792	7278
ENSMUSG00000030744	4	6	14	22	48	42230	25560	42034	17500	24274	30820
ENSMUSG00000030748	1	9	5	12	11	25422	15611	25400	8258	11717	14679
ENSMUSG00000030751	2	4	3	4	11	6507	4140	6419	2689	3310	4124
ENSMUSG00000030754	4	3	2	2	5	7397	4489	6981	2900	3811	4340
ENSMUSG00000030759	0	2	5	3	6	7556	4835	7233	4425	5501	6466
ENSMUSG00000030795	14	17	13	17	8	4013	2675	3919	1354	1842	1887
ENSMUSG00000030798	3	4	4	12	11	2809	1778	2658	762	1014	1207
ENSMUSG00000030824	3	3	12	6	16	7676	5166	7288	2547	3415	3841
ENSMUSG00000030830	8	13	13	16	13	9686	6125	9217	2264	3177	3621
ENSMUSG00000030835	2	6	7	7	8	3289	2151	3273	1842	2475	3077
ENSMUSG00000030884	5	4	2	8	2	6414	4100	6160	2632	3396	4278
ENSMUSG00000030894	1	6	6	1	1	1570	1056	1572	566	664	770
ENSMUSG00000030978	11	14	16	33	5	22020	14448	21076	7009	8961	10330
ENSMUSG00000031004	5	13	8	12	22	92332	62373	87694	28709	36592	38450
ENSMUSG00000031010	1	3	3	5	4	15201	9521	14770	6579	8800	10275
ENSMUSG00000031029	4	6	0	21	17	7807	4871	7963	3233	4129	5065
ENSMUSG00000031093	0	8	7	1	5	17522	10938	16320	6032	7579	8939
ENSMUSG00000031101	1	1	7	6	3	10606	6511	10210	2506	3197	4084
ENSMUSG00000031133	2	1	5	6	4	9716	6167	9284	3349	4132	4736
ENSMUSG00000031155	1	3	4	2	7	2293	1553	2353	1359	1821	2167
ENSMUSG00000031165	5	5	2	3	0	4980	3081	4854	1636	2015	2488
ENSMUSG00000031207	12	15	19	22	19	30722	20893	29792	11696	15795	18047
ENSMUSG00000031256	5	0	2	6	5	5426	3691	5336	2264	2895	3414
ENSMUSG00000031278	5	10	0	2	5	8489	5279	8306	4419	5532	6562
ENSMUSG00000031304	5	11	18	21	12	11796	7891	11264	4489	6205	6844
ENSMUSG00000031328	14	12	17	9	21	71404	44016	68164	14042	19544	23232
ENSMUSG00000031353	6	8	4	11	10	13068	8222	12707	5250	7088	8659
ENSMUSG00000031386	9	2	3	4	10	14318	9623	14231	5472	7124	8008
ENSMUSG00000031389	2	2	5	2	11	6582	4199	6556	1348	1784	2191
ENSMUSG00000031447	1	4	7	1	13	7921	5044	7741	2650	3445	4213
ENSMUSG00000031453	0	8	3	5	10	17675	11345	16980	2801	3839	4529
ENSMUSG00000031513	5	0	12	2	8	5016	3024	4840	1523	1955	2600
ENSMUSG00000031516	1	3	6	3	3	1355	914	1392	570	712	805
ENSMUSG00000031527	3	5	5	2	9	10412	6877	10451	4316	5407	6305
ENSMUSG00000031530	0	1	2	0	12	2222	1205	2267	2215	3142	3946
ENSMUSG00000031532	4	7	8	10	15	18741	11582	18654	4483	6100	8080
ENSMUSG00000031622	2	3	2	8	8	4172	2552	4164	1719	2335	3011
ENSMUSG00000031628	5	3	3	8	4	10594	6666	10233	6554	8424	9944
ENSMUSG00000031633	3	0	3	4	18	6363	3870	6134	2179	2823	3520
ENSMUSG00000031666	2	4	2	6	1	4759	3223	4581	1439	1683	1929
ENSMUSG00000031696	1	7	4	0	3	7446	4615	6851	2777	3339	4258
ENSMUSG00000031697	6	1	7	0	1	4292	2725	4084	1382	1691	2085
ENSMUSG00000031701	2	2	5	10	9	7854	5002	7659	5072	6348	7196
ENSMUSG00000031715	4	4	0	5	12	13352	8720	13211	7044	8517	9924
ENSMUSG00000031731	3	3	3	3	5	5599	3669	5315	2890	3690	4350
ENSMUSG00000031751	7	2	4	5	10	8105	4815	7879	3150	4286	5302
ENSMUSG00000031765	1	1	6	6	4	2425	1586	2537	1074	1376	1896
ENSMUSG00000031770	4	2	4	2	5	10614	6537	10340	2117	2759	3521
ENSMUSG00000031799	0	5	2	6	3	13338	8598	12904	6536	8217	9554
ENSMUSG00000031805	4	2	4	3	8	5569	3470	5826	1533	2397	2875
ENSMUSG00000031818	5	7	15	10	16	8174	5103	8197	3110	4281	5381
ENSMUSG00000031827	8	4	16	6	13	14145	9145	14608	4660	6654	8514
ENSMUSG00000031848	2	5	2	9	7	2533	1584	2535	1201	1586	1837
ENSMUSG00000031897	5	4	3	4	12	3929	2479	3840	1182	1708	2220
ENSMUSG00000031948	0	2	2	1	12	7595	4889	7567	3742	4982	5784
ENSMUSG00000031960	9	14	8	12	24	16926	11022	16701	7043	9560	11558
ENSMUSG00000032011	15	32	27	31	39	23649	15954	22957	11155	14900	17454
ENSMUSG00000032026	2	6	8	7	19	3734	2524	3606	1968	2352	2870
ENSMUSG00000032035	6	14	5	3	11	41221	26877	40465	11865	14720	18064
ENSMUSG00000032093	9	24	21	14	11	8208	5204	7900	2283	2895	3253
ENSMUSG00000032094	6	5	12	10	18	15658	9421	14921	4527	6258	8005
ENSMUSG00000032097	1	6	0	5	8	12095	7951	11833	3839	4936	5862
ENSMUSG00000032115	3	12	10	6	9	7508	4587	7137	2778	3911	4718
ENSMUSG00000032116	6	3	3	8	5	10709	6703	10115	4712	6152	7100
ENSMUSG00000032171	2	3	0	0	12	2177	1400	2275	1075	1545	1794
ENSMUSG00000032178	2	1	1	4	8	7560	5155	7659	3730	5108	5945
ENSMUSG00000032187	6	10	8	4	7	9938	6651	9853	4045	5392	6337
ENSMUSG00000032218	3	7	5	8	6	5640	3656	5573	1256	1471	1824
ENSMUSG00000032231	1	8	8	11	8	7718	4899	7522	3334	4300	5145
ENSMUSG00000032249	4	3	7	10	1	4614	3384	4521	2224	2740	3021
ENSMUSG00000032279	0	5	1	3	12	4049	2684	3919	1681	2227	2696
ENSMUSG00000032294	2	9	8	3	13	34036	21974	34079	14228	19219	23243
ENSMUSG00000032316	6	0	4	10	2	4822	2951	4465	1852	2413	2998
ENSMUSG00000032330	0	4	2	8	12	3564	2128	3268	1256	1689	2126
ENSMUSG00000032369	0	0	2	11	4	3428	2246	3433	3682	5437	6451
ENSMUSG00000032382	2	7	1	4	4	3893	2455	3721	1632	2145	2540
ENSMUSG00000032383	2	6	5	4	10	5415	3282	5106	1778	2303	2973
ENSMUSG00000032399	11	7	19	32	31	78862	51500	77688	37616	50150	60094
ENSMUSG00000032407	2	7	3	1	4	11594	7578	11152	5764	7145	8413
ENSMUSG00000032436	5	0	4	4	2	3676	2324	3916	958	1403	1666
ENSMUSG00000032437	1	5	1	5	3	8806	5286	8466	3190	4264	5056
ENSMUSG00000032458	1	1	2	4	8	7900	5304	7768	3316	4435	5341
ENSMUSG00000032479	1	10	2	7	5	5327	3526	5148	1776	2175	2452
ENSMUSG00000032481	3	1	7	5	6	5708	3794	5334	2441	3406	3540
ENSMUSG00000032485	1	4	2	3	5	4604	2908	4641	1772	2501	3063
ENSMUSG00000032504	0	6	4	13	11	8623	5549	8347	3090	4063	4560
ENSMUSG00000032508	4	2	7	2	0	1655	1108	1641	827	1200	1460
ENSMUSG00000032515	3	2	3	9	7	4356	2561	4474	6056	8898	11156
ENSMUSG00000032555	3	2	4	6	3	19989	12784	19549	5843	7686	8999
ENSMUSG00000032562	3	6	8	4	13	11564	7469	11465	3133	4149	4751
ENSMUSG00000032575	4	0	0	9	5	3502	2185	3455	1264	1580	1995
ENSMUSG00000032578	7	0	4	37	40	2101	1390	2102	6504	10185	11235
ENSMUSG00000032604	2	3	1	9	0	5387	3577	5265	1913	2541	3205
ENSMUSG00000032637	5	8	6	8	17	5496	3648	5734	1799	2457	2733
ENSMUSG00000032661	0	7	6	1	2	3543	2242	3521	999	1237	1639
ENSMUSG00000032688	5	5	8	2	5	25103	16256	25274	14408	18686	21734
ENSMUSG00000032867	2	1	3	6	5	2666	1579	2612	1031	1446	1874
ENSMUSG00000032870	4	6	8	5	9	7971	5417	7945	2549	3467	3911
ENSMUSG00000032902	5	4	0	9	14	7133	4061	6508	4511	6058	7222
ENSMUSG00000032939	1	4	2	7	2	3240	2080	3139	1260	1635	1999
ENSMUSG00000032997	1	0	2	8	6	1223	772	1290	750	1078	1412
ENSMUSG00000033004	0	0	2	11	3	20553	12980	19677	6879	9379	10603
ENSMUSG00000033016	3	6	6	13	13	9676	6657	10018	3633	5222	5648
ENSMUSG00000033047	9	2	6	15	14	10028	6294	9911	4568	6100	7324
ENSMUSG00000033128	3	0	4	2	6	1934	1174	1973	650	935	1138
ENSMUSG00000033161	13	5	11	23	24	21995	13025	21252	8373	11559	14404
ENSMUSG00000033220	9	15	12	17	18	21651	14511	21361	6560	8922	10616
ENSMUSG00000033335	3	2	5	4	12	8725	5774	8746	2841	3589	4242
ENSMUSG00000033450	2	1	11	16	15	21882	13943	20710	27528	42530	49648
ENSMUSG00000033685	5	6	4	2	2	7547	5039	7323	2258	3037	3371
ENSMUSG00000033730	3	0	0	11	13	10652	7287	11347	7611	11860	12560
ENSMUSG00000033732	4	4	9	10	10	19030	12198	18678	8543	12138	14363
ENSMUSG00000033808	5	6	0	2	4	6850	4281	6532	2873	3574	4315
ENSMUSG00000033880	4	7	2	2	5	2620	1756	2621	1082	1530	1845
ENSMUSG00000033938	2	4	4	2	3	2386	1576	2545	946	1282	1528
ENSMUSG00000034022	2	0	3	5	9	4532	3020	4426	1741	2416	2771
ENSMUSG00000034024	8	5	11	16	24	18189	11356	17509	9215	12183	14576
ENSMUSG00000034028	1	2	6	3	6	5890	3813	5350	2179	2426	2905
ENSMUSG00000034116	4	11	0	10	12	7559	4894	7440	3337	4641	5777
ENSMUSG00000034120	10	10	10	19	14	14822	9403	14978	7649	10442	12432
ENSMUSG00000034252	0	1	0	13	4	6846	4610	6827	4458	5454	6254
ENSMUSG00000034341	2	4	7	5	0	1320	982	1348	505	678	742
ENSMUSG00000034342	4	0	2	6	7	6462	4260	6410	1811	2435	2720
ENSMUSG00000034349	2	7	16	12	18	43656	29410	42512	13560	15883	18159
ENSMUSG00000034394	3	0	0	5	7	1530	946	1505	5044	8254	9526
ENSMUSG00000034595	6	0	2	7	2	4962	3208	4772	1705	2176	2703
ENSMUSG00000034656	4	2	4	3	5	182	214	222	266	329	296
ENSMUSG00000034748	10	0	4	2	1	603	427	607	259	298	322
ENSMUSG00000034765	2	4	12	13	18	9892	6514	10307	7635	10377	12796
ENSMUSG00000034906	1	3	7	4	2	7406	4917	7094	2137	2660	3137
ENSMUSG00000034932	1	2	2	4	6	1364	913	1377	686	838	1141
ENSMUSG00000034994	20	17	8	58	76	120208	77371	119906	47616	68054	84896
ENSMUSG00000035000	1	6	4	10	5	8357	5285	7783	2208	2721	3194
ENSMUSG00000035024	3	4	2	5	6	15353	9864	14882	4149	5362	6188
ENSMUSG00000035152	0	8	1	0	6	7617	5029	7408	3133	4102	4711
ENSMUSG00000035199	3	4	2	2	5	5127	3206	5017	1783	2276	2801
ENSMUSG00000035227	1	3	3	2	6	5715	3626	5505	2069	2592	3056
ENSMUSG00000035247	4	2	6	8	2	23314	14985	22355	10470	13605	16441
ENSMUSG00000035325	2	3	1	5	7	4303	2781	4163	2029	2614	3008
ENSMUSG00000035397	0	1	0	6	8	804	515	836	678	1041	1332
ENSMUSG00000035455	3	10	8	4	4	5907	3740	5591	1692	2218	2770
ENSMUSG00000035545	0	4	3	5	3	4919	2966	4644	1465	1983	2232
ENSMUSG00000035671	1	1	7	5	3	3041	2038	3048	2529	3885	4451
ENSMUSG00000035674	2	2	4	7	4	2057	1315	2097	663	906	1116
ENSMUSG00000035697	9	4	10	6	10	22269	13994	22189	4408	5641	7424
ENSMUSG00000035722	4	4	7	5	2	4391	2737	4204	924	1246	1600
ENSMUSG00000035726	2	7	5	12	21	11065	7626	10930	4976	6168	7310
ENSMUSG00000035754	0	6	4	5	5	2575	1599	2496	1629	2143	2595
ENSMUSG00000035828	1	3	3	7	2	1547	895	1600	1603	2535	3164
ENSMUSG00000035885	3	5	2	4	11	6059	3709	6480	2294	3156	3937
ENSMUSG00000035929	3	10	7	9	17	15562	9347	15448	4834	6551	8279
ENSMUSG00000035958	12	2	3	2	4	3971	2498	3883	1387	1661	1949
ENSMUSG00000036181	35	63	71	41	55	83359	47062	89279	18862	24816	34107
ENSMUSG00000036199	0	3	0	6	15	3078	2035	3124	1091	1544	1853
ENSMUSG00000036202	15	0	5	3	5	14961	9302	13812	6309	8021	9445
ENSMUSG00000036270	1	6	3	3	6	3993	2623	4044	1702	2346	2812
ENSMUSG00000036323	1	12	4	3	1	9213	5948	8592	4325	5379	6370
ENSMUSG00000036333	2	2	2	3	6	11577	7438	11066	3834	4912	5772
ENSMUSG00000036371	10	10	16	25	15	24247	16202	24308	14113	17186	19861
ENSMUSG00000036372	0	0	4	6	5	1865	1133	1803	716	985	1202
ENSMUSG00000036427	8	7	4	2	2	14727	9467	14355	5121	7231	8786
ENSMUSG00000036461	2	2	2	10	6	13327	8763	13165	4059	4735	5603
ENSMUSG00000036478	4	0	2	4	6	15469	10030	15493	10365	13929	17229
ENSMUSG00000036550	5	5	5	5	3	18115	11838	17238	6420	8531	9544
ENSMUSG00000036733	4	3	5	2	5	2846	1763	2918	1049	1485	1909
ENSMUSG00000036768	2	4	1	7	4	14789	9774	14228	4341	5250	5995
ENSMUSG00000036931	3	1	1	28	32	6422	3931	6183	12966	20036	21892
ENSMUSG00000036943	2	0	3	7	5	16070	10947	15998	9604	12394	13771
ENSMUSG00000036986	4	8	2	2	3	3259	2205	3291	954	1328	1461
ENSMUSG00000037012	4	2	7	7	10	4386	3072	4388	1591	2233	2652
ENSMUSG00000037062	4	2	4	5	1	5071	3356	4851	2756	3481	3926
ENSMUSG00000037072	8	4	2	7	5	6761	4111	6315	2648	3246	3833
ENSMUSG00000037138	3	6	10	7	10	4017	2571	3950	1446	1927	2162
ENSMUSG00000037149	4	0	3	7	3	6517	4167	6506	3540	4885	5634
ENSMUSG00000037236	4	2	0	6	8	14399	9012	13923	6064	7785	9149
ENSMUSG00000037242	4	1	3	10	4	11193	6985	10710	5187	6843	7967
ENSMUSG00000037321	4	9	15	28	24	20184	12063	19481	6957	9989	12754
ENSMUSG00000037331	2	6	2	4	8	15173	10282	14914	8887	12262	13482
ENSMUSG00000037364	1	3	2	5	5	8718	5841	8818	2867	3557	4239
ENSMUSG00000037405	6	5	12	14	27	11835	7270	11423	7523	10902	13280
ENSMUSG00000037447	5	5	11	6	9	19110	12747	19534	5966	7842	9795
ENSMUSG00000037470	5	1	8	11	8	14454	9317	14100	4696	5886	7118
ENSMUSG00000037487	7	1	4	5	3	15067	9710	14199	7244	9658	11135
ENSMUSG00000037533	3	4	1	3	8	29120	18239	27800	10567	14064	15863
ENSMUSG00000037553	0	7	3	3	7	7588	4735	7362	2156	3007	3624
ENSMUSG00000037580	1	1	4	11	4	3130	1987	3346	1642	2616	3083
ENSMUSG00000037742	3	3	2	14	15	324699	207232	313955	142350	191784	225911
ENSMUSG00000037868	2	2	2	20	11	7284	4679	7180	9333	13948	16485
ENSMUSG00000037905	2	0	6	0	8	1114	756	1158	458	576	692
ENSMUSG00000037940	8	3	4	5	4	27406	17365	26164	9594	11797	13733
ENSMUSG00000037944	8	4	3	10	4	11325	7312	11126	1954	2373	3158
ENSMUSG00000038005	1	1	1	4	8	3770	2464	3654	1411	1604	1869
ENSMUSG00000038014	0	2	0	7	7	15958	10377	15395	6524	8394	9601
ENSMUSG00000038023	2	0	3	8	3	3624	2348	3529	960	1374	1690
ENSMUSG00000038172	4	4	8	2	7	10974	7198	10574	6291	7904	9321
ENSMUSG00000038179	3	3	6	10	14	9129	5633	8524	5771	8092	9073
ENSMUSG00000038213	3	5	4	4	6	5260	3429	5302	1790	2527	3064
ENSMUSG00000038241	0	5	4	4	3	6588	4540	6752	1879	2467	2937
ENSMUSG00000038252	5	8	7	11	10	49861	27522	47185	12835	17333	22001
ENSMUSG00000038264	2	1	1	10	13	2627	1609	2629	4806	7328	8287
ENSMUSG00000038279	1	0	1	11	7	4395	2694	4393	4023	5762	7035
ENSMUSG00000038299	0	3	0	8	8	6831	4249	6474	3850	4943	6142
ENSMUSG00000038304	1	7	3	6	7	4140	2520	3860	3178	4316	5003
ENSMUSG00000038324	1	8	2	9	5	6447	4100	6257	1867	2566	3057
ENSMUSG00000038335	1	0	2	14	12	5921	3682	5671	3641	5213	6374
ENSMUSG00000038393	5	16	3	6	6	23141	16151	23238	4081	4816	6607
ENSMUSG00000038416	9	1	1	3	4	2858	1702	2749	1197	1668	2186
ENSMUSG00000038418	7	14	7	17	24	8166	6004	8570	6623	10186	11245
ENSMUSG00000038429	0	3	6	4	2	4744	3167	4683	1638	2212	2782
ENSMUSG00000038462	3	3	8	5	11	4040	2327	4169	1657	2443	3006
ENSMUSG00000038608	2	2	6	8	12	43566	27844	42264	20353	27173	31383
ENSMUSG00000038612	7	15	11	17	11	20200	12640	20661	11102	13930	17625
ENSMUSG00000038633	1	1	3	7	5	3690	2334	3626	2191	2930	3622
ENSMUSG00000038644	4	3	0	5	5	6592	4021	6514	1461	2024	2507
ENSMUSG00000038650	6	2	1	5	9	2650	1532	2531	871	1208	1504
ENSMUSG00000038690	5	8	6	3	3	4163	2521	4147	1477	1866	2444
ENSMUSG00000038759	3	3	7	2	4	12917	8113	12435	4178	5678	6686
ENSMUSG00000039001	1	1	3	7	5	11272	6187	10921	3754	5132	7664
ENSMUSG00000039067	1	4	6	6	8	1461	1098	1526	1038	1403	1550
ENSMUSG00000039100	4	1	4	8	9	7599	4612	7051	2473	3298	3809
ENSMUSG00000039148	1	3	0	6	7	4559	3038	4757	1973	2706	3234
ENSMUSG00000039158	2	4	6	4	5	11402	7772	11082	3319	4340	5055
ENSMUSG00000039218	9	5	14	30	12	26229	17406	25277	8865	12349	13047
ENSMUSG00000039262	4	0	7	5	4	8785	5932	8954	2113	2804	3146
ENSMUSG00000039361	5	4	5	10	12	18341	11903	17723	8624	10777	12708
ENSMUSG00000039367	4	3	5	0	15	7478	4929	7277	3008	4076	4825
ENSMUSG00000039477	3	5	2	4	5	2672	1790	2882	805	1141	1254
ENSMUSG00000039483	4	3	0	4	5	1721	1061	1735	806	1209	1523
ENSMUSG00000039621	6	2	2	7	0	9786	6606	9952	1939	2466	3119
ENSMUSG00000039630	20	32	41	34	47	35350	23354	34687	15332	19979	22749
ENSMUSG00000039804	3	2	5	2	7	1736	1199	1853	925	1308	1562
ENSMUSG00000039936	12	0	4	4	13	22654	14802	22063	6823	8981	11685
ENSMUSG00000040010	9	18	15	37	32	16583	9657	16141	5548	7772	8697
ENSMUSG00000040028	1	0	5	4	6	4640	3232	4542	2063	2868	3179
ENSMUSG00000040054	2	1	4	4	4	4654	3278	4629	1711	2124	2444
ENSMUSG00000040084	4	2	5	1	4	6164	4185	6235	1765	2218	2615
ENSMUSG00000040128	1	3	3	4	4	6523	4312	6944	2740	3143	3788
ENSMUSG00000040212	2	5	1	2	6	3925	2594	3866	1077	1502	1692
ENSMUSG00000040225	2	7	11	14	13	23606	16959	22870	9258	12829	13387
ENSMUSG00000040253	0	5	2	8	4	10929	6929	10435	5685	7224	8460
ENSMUSG00000040312	6	2	2	4	5	1614	1122	1527	424	491	624
ENSMUSG00000040325	1	6	0	8	7	6812	4521	6663	3399	4400	5279
ENSMUSG00000040331	4	5	2	2	5	5015	3233	5093	1728	2230	2692
ENSMUSG00000040354	6	3	6	10	17	8536	5201	8127	3218	4462	5482
ENSMUSG00000040363	0	2	4	3	7	7501	4910	7537	4393	6252	7137
ENSMUSG00000040383	4	1	4	2	4	6731	4646	6384	3119	4161	4760
ENSMUSG00000040385	4	19	24	18	15	17713	10808	17277	5501	7217	8971
ENSMUSG00000040463	8	4	9	15	17	8162	5329	8110	5258	7739	9082
ENSMUSG00000040481	2	3	6	0	7	8452	5686	8442	3457	4386	4936
ENSMUSG00000040549	0	1	6	7	7	15550	10013	15141	4910	6211	7101
ENSMUSG00000040618	3	0	5	4	4	3222	2013	3093	743	931	1191
ENSMUSG00000040659	1	0	4	7	5	2529	1694	2620	892	1230	1586
ENSMUSG00000040667	1	7	3	1	7	5053	3308	4752	2205	2868	3246
ENSMUSG00000040687	4	2	7	7	3	14054	9206	13948	2617	3559	4012
ENSMUSG00000040688	1	2	0	6	6	2393	1462	2467	1393	1997	2479
ENSMUSG00000040699	1	7	10	5	15	15726	10408	15883	5324	7344	8912
ENSMUSG00000040720	0	2	4	7	4	9549	6179	9132	2972	3871	4582
ENSMUSG00000040725	6	6	5	9	17	16658	11330	17019	6248	7939	9779
ENSMUSG00000040731	2	2	9	2	10	15058	9008	14542	5960	8184	10289
ENSMUSG00000040747	13	13	14	23	33	32870	19557	31053	16293	20610	24859
ENSMUSG00000040940	14	6	21	20	25	15658	9976	15818	3702	5228	6388
ENSMUSG00000040945	3	4	10	8	24	11559	6933	11561	5271	7046	8877
ENSMUSG00000040952	3	6	1	7	9	20689	12242	20592	7977	11348	14331
ENSMUSG00000040990	4	3	0	9	8	11366	7434	10822	4636	5650	6503
ENSMUSG00000041028	6	0	4	4	17	12162	7463	11687	6043	8103	9928
ENSMUSG00000041057	6	3	5	9	13	12377	7652	12056	9360	12216	14356
ENSMUSG00000041112	4	8	6	3	6	7753	5156	7450	2924	3819	4265
ENSMUSG00000041126	4	5	3	3	8	3107	1912	3056	961	1178	1513
ENSMUSG00000041133	4	8	7	7	4	14568	10005	14251	5502	7363	8304
ENSMUSG00000041164	1	1	2	8	6	3964	2722	4176	1435	2066	2185
ENSMUSG00000041187	4	0	2	12	7	4657	3053	4584	1250	1613	2010
ENSMUSG00000041313	12	1	9	19	8	16443	10282	16357	6363	9969	11299
ENSMUSG00000041355	1	6	3	3	4	3750	2473	3600	1420	2002	2431
ENSMUSG00000041459	3	9	4	9	9	9228	5813	8814	4263	5509	6759
ENSMUSG00000041506	0	2	1	13	2	2065	1273	1976	2012	2892	3438
ENSMUSG00000041515	10	0	5	28	46	3087	1828	3096	13205	19759	23561
ENSMUSG00000041560	3	3	4	18	14	9448	6091	9472	4887	6475	7692
ENSMUSG00000041571	0	3	2	6	5	3564	2263	3538	1465	1980	2489
ENSMUSG00000041638	2	3	3	3	5	7468	4632	7321	2960	4418	5398
ENSMUSG00000041645	5	3	7	9	7	9296	5896	9162	4643	6397	7512
ENSMUSG00000041697	7	7	13	5	8	4520	2828	4648	1710	2374	2896
ENSMUSG00000041720	1	3	6	1	4	6660	4210	6373	2238	3160	3568
ENSMUSG00000041736	1	2	2	7	6	1773	928	1765	359	534	718
ENSMUSG00000041763	2	5	4	6	6	10731	6950	10014	4904	6367	7241
ENSMUSG00000041815	1	2	2	6	8	6476	4052	6325	2605	3484	4231
ENSMUSG00000041859	2	12	16	8	16	13332	8585	13232	4359	6050	7121
ENSMUSG00000041870	3	3	5	3	2	7274	4759	7156	2565	3465	3867
ENSMUSG00000041879	3	0	8	4	9	5186	3294	4936	1698	2204	2543
ENSMUSG00000041954	1	6	4	8	3	4970	3131	5068	3441	4712	5837
ENSMUSG00000041959	4	3	8	4	10	11989	7407	11915	3697	4407	5421
ENSMUSG00000042211	0	4	0	9	4	5922	3991	5775	2200	2860	3416
ENSMUSG00000042351	1	6	2	4	6	12734	8393	12145	3717	4662	6048
ENSMUSG00000042354	0	3	2	8	7	10468	6384	10211	8796	11882	13905
ENSMUSG00000042520	7	8	7	6	11	8864	6064	8399	4437	5534	6042
ENSMUSG00000042524	6	20	12	11	14	20692	12326	20329	4683	6591	7959
ENSMUSG00000042625	1	2	3	2	8	4038	2858	4149	1604	2194	2371
ENSMUSG00000042644	4	4	2	5	2	4857	3170	4969	976	1338	1599
ENSMUSG00000042699	3	11	6	5	11	11080	7112	10657	3574	4823	5328
ENSMUSG00000043131	6	7	6	11	9	15366	9098	14942	6688	8870	10948
ENSMUSG00000043207	1	6	5	3	2	3240	2205	3123	1594	1978	2269
ENSMUSG00000043866	6	2	4	6	12	2905	1871	3190	1360	1841	2347
ENSMUSG00000044147	1	8	10	4	6	9776	6162	10628	5675	7312	9424
ENSMUSG00000044155	1	4	2	7	6	2814	1862	2837	1139	1394	1632
ENSMUSG00000044199	5	7	7	2	10	2962	1902	3010	458	565	737
ENSMUSG00000044533	0	0	0	7	8	42818	26871	45395	18636	24613	30230
ENSMUSG00000044783	0	10	7	6	6	27399	17577	26370	5841	7713	9178
ENSMUSG00000044786	0	6	7	0	7	3424	2357	3262	2251	2863	3683
ENSMUSG00000044894	1	9	2	4	4	1191	806	1207	615	808	953
ENSMUSG00000045210	2	0	2	10	5	4054	2875	4022	1690	2147	2416
ENSMUSG00000045441	2	4	2	7	0	9030	5664	8237	6802	8159	10642
ENSMUSG00000045482	3	5	3	6	5	8223	5614	8056	2453	3304	3822
ENSMUSG00000045817	7	14	7	3	14	6718	5024	8025	1402	1638	2185
ENSMUSG00000045962	2	6	2	17	17	31410	20480	30852	12615	17179	18044
ENSMUSG00000045983	8	16	6	10	26	20056	13103	19909	9677	13044	15466
ENSMUSG00000046223	1	0	2	14	2	2015	1215	2026	605	976	1053
ENSMUSG00000046879	2	0	0	11	4	5960	4035	5866	6600	9293	11279
ENSMUSG00000047126	5	9	8	23	14	21388	13410	20540	9680	12980	14751
ENSMUSG00000047246	4	5	0	6	2	14496	8348	14945	3374	4298	6144
ENSMUSG00000047407	4	2	0	14	6	8159	5521	8240	4931	6928	7794
ENSMUSG00000047832	0	7	6	0	2	7388	4737	7517	2250	2993	3669
ENSMUSG00000048163	1	24	16	14	21	22117	15092	22281	7739	11044	12725
ENSMUSG00000048376	1	0	0	9	5	7793	5230	7574	5008	6279	7627
ENSMUSG00000049109	2	5	8	0	9	19865	12594	18852	8110	9985	11533
ENSMUSG00000049539	31	37	64	20	34	56694	35293	55617	13645	18551	24695
ENSMUSG00000049553	2	1	0	5	8	5443	3487	5144	3456	4790	5658
ENSMUSG00000049686	0	5	5	7	5	3249	2156	3548	1796	2556	3028
ENSMUSG00000049760	0	6	3	1	6	1563	971	1545	538	747	956
ENSMUSG00000049775	10	16	34	20	16	70177	41033	67075	19444	24253	31085
ENSMUSG00000049932	29	61	49	38	60	18354	10546	26381	5645	7171	10319
ENSMUSG00000050017	3	0	2	8	5	1696	1197	1580	716	941	1008
ENSMUSG00000050232	1	4	5	9	3	4303	2941	4352	1127	1648	2115
ENSMUSG00000050244	2	2	6	8	6	10165	6170	9543	5985	8616	10268
ENSMUSG00000050350	3	2	2	4	8	4353	2909	4358	2235	2945	3765
ENSMUSG00000050379	4	10	5	5	3	11155	7238	10947	3664	4847	5440
ENSMUSG00000050608	5	5	5	2	0	1147	835	1117	432	603	763
ENSMUSG00000050912	3	9	2	6	9	11574	7303	11275	4959	5962	6954
ENSMUSG00000051329	0	5	4	4	7	5109	3273	4880	2286	2909	3439
ENSMUSG00000051391	0	5	6	0	5	2359	1570	2237	1319	1847	2184
ENSMUSG00000051457	8	8	5	5	5	19835	12772	19261	4883	6071	7501
ENSMUSG00000051495	6	0	4	4	11	9816	6343	10697	6594	8952	11337
ENSMUSG00000051627	16	39	46	25	40	55618	35471	58152	15204	18319	23412
ENSMUSG00000051695	10	9	5	18	36	1495	1057	1493	865	1203	1452
ENSMUSG00000051747	8	1	1	3	2	427	1245	563	1256	1203	670
ENSMUSG00000052040	3	0	3	5	11	6096	3908	6156	1912	2732	2971
ENSMUSG00000052085	3	3	4	13	7	13143	8836	12853	3709	4908	6034
ENSMUSG00000052142	1	2	7	3	3	9434	5946	9713	2647	3447	4703
ENSMUSG00000052296	3	1	3	4	7	12845	8206	12991	4396	5751	7063
ENSMUSG00000052299	4	7	14	4	4	7359	4820	7047	2650	3425	3927
ENSMUSG00000052331	4	4	4	4	9	15359	9919	14658	4156	5230	6313
ENSMUSG00000052397	3	15	14	8	3	12972	8472	12804	6092	7639	9685
ENSMUSG00000052488	3	3	3	3	4	1741	1320	1927	740	1047	1133
ENSMUSG00000052533	1	5	0	4	11	4379	2977	4270	1763	2507	2919
ENSMUSG00000052565	49	74	69	34	38	96169	56811	100359	19717	24358	33441
ENSMUSG00000052681	0	0	7	4	7	12984	8464	12799	6221	7972	8761
ENSMUSG00000052684	2	0	0	8	9	1503	944	1628	2880	3912	5207
ENSMUSG00000052837	7	4	9	32	41	11485	6766	12614	10084	13882	17836
ENSMUSG00000052997	12	11	5	11	7	10136	6450	9718	3889	5071	6139
ENSMUSG00000053044	3	8	9	5	5	11127	7285	10519	3278	4176	5007
ENSMUSG00000053253	3	0	2	4	8	3703	2335	3762	1651	2032	2410
ENSMUSG00000053560	0	0	8	15	20	4851	3056	5191	3675	5379	6962
ENSMUSG00000053565	2	2	3	7	5	5213	3182	5106	2205	2949	3546
ENSMUSG00000053641	2	6	11	14	13	54373	35910	52808	14773	20016	22080
ENSMUSG00000053907	3	5	0	9	8	7171	4475	6694	5956	8501	9930
ENSMUSG00000053977	14	11	12	11	14	28352	17001	27399	11120	15160	18818
ENSMUSG00000054065	2	5	4	4	3	1676	1051	1679	394	579	819
ENSMUSG00000054079	0	1	2	9	3	3164	2125	3235	2708	3313	4081
ENSMUSG00000054342	6	1	3	9	10	5714	3474	5734	1930	2551	3220
ENSMUSG00000054435	12	9	8	7	15	27874	18184	26805	11228	13856	16941
ENSMUSG00000054452	2	4	5	4	10	9657	6628	9930	2809	3972	4626
ENSMUSG00000054693	4	4	0	10	5	6106	3802	5786	2192	2861	3221
ENSMUSG00000054808	1	4	3	14	14	5605	3491	5194	1519	2088	2392
ENSMUSG00000055065	1	7	2	5	4	13796	7974	13022	3871	5098	6511
ENSMUSG00000055148	5	5	9	6	4	1734	1268	2056	436	445	641
ENSMUSG00000055170	3	1	2	62	48	2056	1229	1798	32713	42855	45979
ENSMUSG00000055204	0	5	6	4	5	13938	8854	12860	6930	9194	10086
ENSMUSG00000055447	5	7	12	8	12	11781	7056	11091	3943	5020	6049
ENSMUSG00000055670	2	0	7	4	5	8796	5871	8587	2609	3525	3999
ENSMUSG00000055762	3	0	0	4	13	6788	4206	6637	3078	4224	5186
ENSMUSG00000055805	5	19	15	6	9	8457	5616	8750	2316	3134	3590
ENSMUSG00000055817	6	4	2	4	5	3424	2137	3327	970	1243	1441
ENSMUSG00000055943	1	1	5	5	6	3009	1821	2853	1345	1664	1939
ENSMUSG00000056076	1	10	7	10	18	5811	4070	5869	2930	4270	5177
ENSMUSG00000056201	7	9	11	12	16	30791	21098	30033	12434	16470	19307
ENSMUSG00000056290	13	12	22	25	32	26028	16305	24282	6631	8519	9434
ENSMUSG00000056305	3	3	0	8	2	3658	2327	3623	2009	2640	3232
ENSMUSG00000056394	3	3	11	16	10	7681	5609	7585	2393	3201	3501
ENSMUSG00000056429	3	2	2	9	8	16955	10489	16264	6920	9541	11017
ENSMUSG00000056501	4	4	5	5	11	196	152	309	150	216	261
ENSMUSG00000056537	3	7	4	3	4	15034	9764	14429	7401	9980	11371
ENSMUSG00000056708	9	8	11	27	23	5797	3574	6500	5440	7533	9429
ENSMUSG00000056724	8	4	10	14	11	6527	4138	6544	1681	2140	2670
ENSMUSG00000056737	5	2	6	0	4	3944	2379	3761	1507	2009	2701
ENSMUSG00000056851	4	6	7	17	16	4885	3135	4481	1858	2486	2877
ENSMUSG00000056888	0	2	2	12	4	4508	2957	4440	2663	3581	4074
ENSMUSG00000056999	1	2	4	6	10	6915	4464	6442	2743	3413	4066
ENSMUSG00000057058	2	2	5	19	10	10495	6650	10150	2808	3684	4416
ENSMUSG00000057193	5	3	15	6	2	11759	7486	11573	3050	4076	4976
ENSMUSG00000057236	1	9	1	11	6	14664	8968	14183	4537	6134	7521
ENSMUSG00000057406	2	3	6	2	11	16228	10352	14837	4228	5411	6319
ENSMUSG00000057561	3	1	6	2	16	6068	3806	5744	5333	7092	8114
ENSMUSG00000057672	2	2	1	4	11	5219	3168	5177	1298	1833	2189
ENSMUSG00000058006	3	6	4	3	5	18419	11186	17214	12016	16947	19814
ENSMUSG00000058013	3	3	6	4	10	11892	7902	11460	4965	6536	7454
ENSMUSG00000058290	0	9	2	6	0	4466	2842	4447	1154	1668	1958
ENSMUSG00000058301	5	12	11	15	8	6585	3995	6598	2620	3630	4160
ENSMUSG00000058569	3	6	3	9	6	3561	2264	3503	1120	1674	2049
ENSMUSG00000058594	10	3	3	3	1	1681	1160	1590	473	571	736
ENSMUSG00000058655	3	1	0	7	7	21252	13933	21163	11287	14946	18062
ENSMUSG00000058773	30	46	58	38	27	50701	31124	50440	10716	14472	19830
ENSMUSG00000059119	1	3	5	9	9	8436	5159	8295	3084	4238	5176
ENSMUSG00000059208	11	6	14	25	22	10511	7120	10122	4752	6011	6992
ENSMUSG00000059248	2	6	4	9	6	12405	7971	12532	3910	4846	6206
ENSMUSG00000059456	1	6	3	3	6	13563	8674	13405	3359	4660	5362
ENSMUSG00000059552	0	0	3	1	12	4532	2892	4362	1907	2529	2953
ENSMUSG00000060032	5	6	6	11	14	1732	1139	2134	776	1026	1454
ENSMUSG00000060131	0	3	4	5	6	16671	10339	15445	5730	7445	8631
ENSMUSG00000060261	6	1	2	6	13	6090	3644	5859	1939	2321	2734
ENSMUSG00000060550	6	7	9	17	12	16405	9687	15780	5432	7784	9516
ENSMUSG00000060678	11	13	8	13	13	19069	10849	19913	5849	7572	10156
ENSMUSG00000060802	34	54	67	83	88	87595	58647	84148	41879	49742	56389
ENSMUSG00000060981	4	8	14	3	6	24595	13784	26133	5966	7521	10371
ENSMUSG00000061032	4	4	3	12	6	5528	3679	5580	3115	4179	4943
ENSMUSG00000061136	1	0	7	8	8	12801	8299	12208	6555	8039	9508
ENSMUSG00000061232	20	33	43	71	70	83959	49888	81697	27818	38743	48971
ENSMUSG00000061482	14	24	27	23	21	40643	24842	42054	13782	17324	23132
ENSMUSG00000061589	1	1	1	7	7	4518	2919	4531	2429	3589	3977
ENSMUSG00000061615	13	27	12	11	17	17238	9372	22925	3914	4789	7051
ENSMUSG00000061755	3	4	1	5	4	7018	4946	6761	2597	3099	3440
ENSMUSG00000061904	7	7	6	16	12	12952	8059	12908	5239	7078	8600
ENSMUSG00000061991	9	7	9	9	5	5726	3085	7505	1302	1797	2806
ENSMUSG00000062203	1	2	2	11	11	6526	4464	6742	4054	4975	5837
ENSMUSG00000062234	0	6	4	4	3	9855	6311	9545	3408	4582	5434
ENSMUSG00000062939	3	3	4	16	3	11853	7688	11415	5605	6873	7774
ENSMUSG00000063021	5	23	17	7	4	23214	14003	29300	6243	7614	10906
ENSMUSG00000063200	1	1	4	6	8	3313	2338	3516	1765	2092	2432
ENSMUSG00000063229	2	4	7	9	12	27118	17320	26960	12471	16918	20966
ENSMUSG00000063273	1	7	3	9	8	6418	4069	6231	3209	4108	4489
ENSMUSG00000063358	1	2	0	4	14	10110	6207	9663	3593	4751	5655
ENSMUSG00000063406	5	5	4	9	6	9763	6172	9447	6512	8147	9053
ENSMUSG00000063457	1	0	4	5	5	23078	14629	22701	9318	13129	15902
ENSMUSG00000063511	6	1	2	6	6	13394	8832	13319	5383	6936	8272
ENSMUSG00000063524	3	0	7	3	3	12135	7927	12379	3656	5282	6400
ENSMUSG00000063550	4	7	4	4	4	12343	8227	12160	5327	7405	8476
ENSMUSG00000063689	2	3	5	5	3	452	284	580	166	209	265
ENSMUSG00000063870	10	6	7	18	25	24085	15510	23589	12193	16070	19580
ENSMUSG00000063889	0	6	5	2	3	4724	2959	4509	2655	3381	3757
ENSMUSG00000063904	1	5	2	2	6	3049	2050	3029	1220	1678	1905
ENSMUSG00000064127	1	6	1	4	12	9540	6074	8887	3884	5118	5953
ENSMUSG00000064215	4	1	8	5	2	3265	1801	3263	998	1357	1792
ENSMUSG00000064262	5	2	5	3	2	8429	5206	8201	3214	4049	5027
ENSMUSG00000064288	3	5	13	7	9	16105	9703	17459	4793	5739	8060
ENSMUSG00000066036	2	6	15	2	13	19538	12528	19324	6649	9535	10620
ENSMUSG00000066148	0	10	2	0	3	4035	2644	4020	1760	2360	2889
ENSMUSG00000066232	4	3	2	5	8	14804	9389	14035	9171	11217	13288
ENSMUSG00000066278	12	23	16	3	7	12062	7946	12328	2188	2623	3109
ENSMUSG00000066306	2	5	5	2	12	15442	10178	15379	4140	5560	6659
ENSMUSG00000066406	12	8	15	12	16	53569	35698	52115	21177	27344	31635
ENSMUSG00000066979	2	4	4	11	8	7493	4777	7452	2760	3640	4379
ENSMUSG00000067212	0	5	1	3	6	7121	4147	6887	2167	2990	3824
ENSMUSG00000067274	3	7	4	8	9	69387	41040	68463	25365	36042	47398
ENSMUSG00000067455	4	7	12	1	11	12514	7189	13481	2469	3155	4716
ENSMUSG00000067713	6	7	3	3	0	4303	2508	4159	1256	1721	2187
ENSMUSG00000068039	3	3	8	12	16	15593	9546	15246	7888	10422	12860
ENSMUSG00000068220	8	17	18	18	34	20017	12958	19355	6477	8498	9829
ENSMUSG00000068227	4	14	8	19	17	28716	18654	27927	11887	15785	19348
ENSMUSG00000068328	1	2	1	9	7	4211	2812	4170	2000	2693	3385
ENSMUSG00000068739	6	6	4	19	25	10225	6242	10067	5145	6705	8440
ENSMUSG00000068823	0	1	7	7	1	20276	13147	19518	10921	13881	15848
ENSMUSG00000068855	8	9	6	3	6	11118	6906	13433	2745	3361	5026
ENSMUSG00000068882	3	3	9	9	9	9724	6593	9455	5846	7228	8191
ENSMUSG00000069265	4	3	15	5	10	15557	8764	19407	3827	5370	7871
ENSMUSG00000069266	4	6	6	2	1	9007	5244	9548	2311	2937	4532
ENSMUSG00000069272	4	13	7	3	6	4638	2341	6452	962	1200	2021
ENSMUSG00000069273	6	10	14	9	9	26387	15553	33263	7032	9325	13378
ENSMUSG00000069274	21	23	21	13	19	38306	20148	38071	7070	10022	14489
ENSMUSG00000069300	2	2	14	5	5	13958	7511	14707	2331	3335	5083
ENSMUSG00000069309	0	3	5	9	0	4169	2714	5711	1606	1828	2886
ENSMUSG00000069310	5	9	13	10	11	17948	9427	23326	4255	5883	9063
ENSMUSG00000069565	2	1	3	5	7	3997	2610	4249	1667	2252	2723
ENSMUSG00000069833	2	12	11	23	18	75002	47620	70640	19992	26495	31493
ENSMUSG00000070284	4	1	5	7	0	1341	837	1297	684	965	1308
ENSMUSG00000070319	1	1	5	7	7	3166	2107	3126	2268	3018	3657
ENSMUSG00000070327	2	1	3	5	4	23305	14585	22491	6949	9497	12000
ENSMUSG00000070544	0	8	3	6	3	5460	3904	5343	3637	4564	5158
ENSMUSG00000070691	3	1	3	4	12	2498	1789	2656	1424	1906	2117
ENSMUSG00000070733	1	2	5	2	6	14804	9750	14331	4595	6051	6599
ENSMUSG00000071014	5	0	0	10	6	1457	859	1471	587	837	1056
ENSMUSG00000071074	1	1	5	0	8	2083	1202	2091	596	894	1169
ENSMUSG00000071076	6	0	6	12	6	4768	2825	6161	3051	3736	5637
ENSMUSG00000071646	1	7	3	7	4	11799	7748	11830	5210	7092	8470
ENSMUSG00000071650	11	11	4	13	10	10096	6387	9614	2653	3787	4524
ENSMUSG00000071655	6	4	3	0	2	2486	1810	2687	1180	1451	1803
ENSMUSG00000071659	8	4	4	10	9	4981	3295	5017	1803	2243	2581
ENSMUSG00000072620	9	6	0	4	11	9234	6210	9335	6640	8944	11431
ENSMUSG00000073102	1	4	5	4	2	1148	843	1172	239	264	308
ENSMUSG00000073409	5	6	3	8	13	19601	12236	19000	6665	9995	11608
ENSMUSG00000073411	23	41	25	41	52	71447	40774	70383	22913	32114	40230
ENSMUSG00000074088	3	2	4	4	5	3866	2519	4036	1731	2426	2828
ENSMUSG00000074151	2	8	2	0	7	26623	16513	26018	10300	14852	18269
ENSMUSG00000074247	4	2	4	5	0	1946	1278	1972	901	1208	1334
ENSMUSG00000074476	3	7	3	6	0	3242	1924	3162	946	1228	1468
ENSMUSG00000074886	0	5	16	5	15	15501	9661	15607	3371	4561	5547
ENSMUSG00000074890	2	0	4	7	2	485	336	520	214	309	370
ENSMUSG00000075014	0	65	0	0	0	804298	3424671	1199479	3611765	3782205	1641700
ENSMUSG00000075015	0	23	0	0	0	89070	492421	140368	568783	558927	213834
ENSMUSG00000075031	1	16	10	9	8	46371	27130	48660	8939	11858	17779
ENSMUSG00000075254	3	2	3	1	7	2811	1970	2755	1108	1439	1451
ENSMUSG00000075284	7	4	3	3	14	6972	4849	6958	2543	3307	3834
ENSMUSG00000075602	2	2	5	16	17	12516	7350	11727	4472	6431	7727
ENSMUSG00000075700	8	4	5	6	9	10053	5986	9487	3861	4298	5632
ENSMUSG00000078348	2	3	4	2	4	1672	1078	1760	719	1011	1277
ENSMUSG00000078619	3	5	10	3	7	5748	3719	5756	1958	2458	3165
ENSMUSG00000078812	5	11	8	21	12	14828	9730	14550	8584	11462	13546
ENSMUSG00000078851	14	19	19	15	20	252	221	318	108	124	202
ENSMUSG00000078853	0	4	3	12	15	10913	7012	10294	10058	13144	16374
ENSMUSG00000078920	6	2	3	14	13	6467	3845	6195	4641	6334	7900
ENSMUSG00000079017	6	6	4	6	5	3915	2437	3858	1147	1514	1855
ENSMUSG00000079426	10	5	1	9	7	7185	4295	6960	2424	3343	4208
ENSMUSG00000079487	2	2	7	5	6	7487	4900	7318	2448	3245	3741
ENSMUSG00000079658	0	3	3	9	7	2259	1552	2172	1139	1519	1633
ENSMUSG00000084786	3	2	8	1	6	3386	2158	3353	1384	1781	2165
ENSMUSG00000090019	1	4	2	3	8	4669	3218	5127	1588	2073	2707
ENSMUSG00000090077	4	8	5	13	3	240	139	250	80	101	111
ENSMUSG00000091405	29	70	56	24	44	20487	12710	20320	4506	5711	7659
ENSMUSG00000093930	2	8	1	3	1	3988	2696	3940	1625	2060	2374
ENSMUSG00000094483	2	7	4	2	9	10383	6315	10116	5961	7843	9036
ENSMUSG00000095217	2	10	6	2	2	27342	16174	27551	6269	8069	11420
ENSMUSG00000095567	0	7	1	0	7	6792	4426	6617	4577	6373	7375
ENSMUSG00000096010	38	38	32	23	31	15736	9464	16726	3627	4684	6583
ENSMUSG00000096054	2	0	4	8	1	5746	3984	5527	1593	1870	1853
ENSMUSG00000096727	7	6	7	6	14	5190	3278	5130	1620	2280	2861
ENSMUSG00000096887	3	18	25	13	16	709413	439885	670117	395467	457693	555258
ENSMUSG00000098112	4	6	10	6	8	7835	4774	7814	1850	2363	2955
ENSMUSG00000099517	4	10	8	4	3	9173	5778	10756	2025	2472	3602
ENSMUSG00000099583	0	3	8	3	3	5484	3717	6667	1434	1954	2779
ENSMUSG00000100210	8	19	13	9	5	20394	12471	27797	6013	7847	10994
ENSMUSG00000105827	10	29	26	22	14	67239	41295	66333	12236	17452	23909
ENSMUSG00000109324	2	4	2	9	5	1736	1137	1798	1036	1414	1756
ENSMUSG00000109511	3	6	5	5	2	4631	3131	4592	1942	2940	3623
ENSMUSG00000109865	5	4	6	4	8	6034	3896	5837	2420	3294	3780
ENSMUSG00000114279	8	12	11	7	6	23087	12075	23293	3324	4851	7681
ENSMUSG00000114456	0	6	3	4	2	21103	11829	21628	3818	5422	8095
ENSMUSG00000116564	2	0	2	3	9	2845	1914	2831	2045	2647	3176
